,<= 0,Lo 30,Med 40,Hi 30,Lo 20,Qnt 2,Qnt 3,Qnt 4,Hi 20,Lo 10,2-Dec,3-Dec,4-Dec,5-Dec,6-Dec,7-Dec,8-Dec,9-Dec,Hi 10
192607,0,152,203,152,101,102,101,102,101,50,51,51,51,51,50,51,51,51,50
192608,0,152,203,152,101,102,101,102,101,50,51,51,51,51,50,51,51,51,50
192609,0,152,203,151,101,102,101,102,100,50,51,51,51,51,50,51,51,50,50
192610,0,152,203,151,101,102,101,102,100,50,51,51,51,51,50,51,51,50,50
192611,0,152,203,151,101,102,101,102,100,50,51,51,51,51,50,51,51,50,50
192612,0,151,202,151,101,100,101,102,100,50,51,50,50,51,50,51,51,50,50
192701,0,150,202,151,100,100,101,102,100,49,51,50,50,51,50,51,51,50,50
192702,0,147,202,151,98,99,101,102,100,47,51,49,50,51,50,51,51,50,50
192703,0,147,202,151,98,99,101,102,100,47,51,49,50,51,50,51,51,50,50
192704,0,146,202,150,98,98,101,101,100,47,51,48,50,51,50,51,50,50,50
192705,0,146,202,150,98,98,101,101,100,47,51,48,50,51,50,51,50,50,50
192706,0,145,202,150,98,97,101,101,100,47,51,47,50,51,50,51,50,50,50
192707,0,163,218,163,108,109,109,109,109,54,54,55,54,55,54,55,54,54,55
192708,0,162,218,163,107,109,109,109,109,53,54,55,54,55,54,55,54,54,55
192709,0,162,218,163,107,109,109,109,109,53,54,55,54,55,54,55,54,54,55
192710,0,162,217,163,107,109,108,109,109,53,54,55,54,54,54,55,54,54,55
192711,0,160,216,162,105,109,107,109,108,51,54,55,54,53,54,55,54,54,54
192712,0,159,216,162,104,109,107,109,108,50,54,55,54,53,54,55,54,54,54
192801,0,159,215,162,104,108,107,109,108,50,54,55,53,53,54,55,54,54,54
192802,0,159,215,162,104,108,107,109,108,50,54,55,53,53,54,55,54,54,54
192803,0,159,213,161,104,108,105,108,108,50,54,55,53,52,53,55,53,54,54
192804,0,159,213,161,104,108,105,108,108,50,54,55,53,52,53,55,53,54,54
192805,0,159,213,160,104,108,105,107,108,50,54,55,53,52,53,55,52,54,54
192806,0,158,213,160,103,108,105,107,108,49,54,55,53,52,53,55,52,54,54
192807,0,171,226,171,114,114,112,114,114,57,57,57,57,57,55,57,57,57,57
192808,0,169,226,171,112,114,112,114,114,56,56,57,57,57,55,57,57,57,57
192809,0,169,226,171,112,114,112,114,114,56,56,57,57,57,55,57,57,57,57
192810,0,169,226,170,112,114,112,114,113,56,56,57,57,57,55,57,57,56,57
192811,0,169,226,170,112,114,112,114,113,56,56,57,57,57,55,57,57,56,57
192812,0,169,225,170,112,114,111,114,113,56,56,57,57,56,55,57,57,56,57
192901,0,167,223,170,111,112,110,114,113,55,56,56,56,55,55,57,57,56,57
192902,0,167,223,170,111,112,110,114,113,55,56,56,56,55,55,57,57,56,57
192903,0,167,222,169,111,112,109,113,113,55,56,56,56,54,55,57,56,56,57
192904,0,167,222,169,111,112,109,113,113,55,56,56,56,54,55,57,56,56,57
192905,0,167,221,168,111,112,108,112,113,55,56,56,56,54,54,57,55,56,57
192906,0,167,220,168,111,112,107,112,113,55,56,56,56,54,53,57,55,56,57
192907,0,194,258,194,129,130,128,130,129,65,64,65,65,64,64,65,65,63,66
192908,0,194,257,194,129,130,128,129,129,65,64,65,65,64,64,64,65,63,66
192909,0,194,257,193,129,130,128,129,128,65,64,65,65,64,64,64,65,62,66
192910,0,191,256,192,128,128,127,129,127,65,63,63,65,64,63,64,65,62,65
192911,0,190,256,192,127,128,127,129,127,65,62,63,65,64,63,64,65,62,65
192912,0,189,254,192,126,128,127,127,127,64,62,63,65,64,63,62,65,62,65
193001,0,188,253,192,126,127,126,127,127,64,62,62,65,63,63,62,65,62,65
193002,0,187,252,192,125,127,125,127,127,63,62,62,65,63,62,62,65,62,65
193003,0,186,251,192,124,127,125,126,127,63,61,62,65,63,62,61,65,62,65
193004,0,184,249,192,122,127,125,124,127,62,60,62,65,63,62,59,65,62,65
193005,0,184,249,192,122,127,125,124,127,62,60,62,65,63,62,59,65,62,65
193006,0,181,247,192,119,127,124,123,127,59,60,62,65,63,61,58,65,62,65
193007,0,208,279,209,138,140,139,140,139,69,69,70,70,70,69,70,70,69,70
193008,0,208,279,208,138,140,139,140,138,69,69,70,70,70,69,70,70,68,70
193009,0,207,279,208,138,139,139,140,138,69,69,69,70,70,69,70,70,68,70
193010,0,206,278,208,137,139,139,139,138,68,69,69,70,70,69,69,70,68,70
193011,0,203,278,208,134,139,139,139,138,65,69,69,70,70,69,69,70,68,70
193012,0,203,278,208,134,139,139,139,138,65,69,69,70,70,69,69,70,68,70
193101,0,201,276,208,132,138,138,139,138,63,69,69,69,69,69,69,70,68,70
193102,0,199,276,208,130,138,138,139,138,61,69,69,69,69,69,69,70,68,70
193103,0,198,276,207,129,138,138,138,138,60,69,69,69,69,69,69,69,68,70
193104,0,197,276,207,128,138,138,138,138,60,68,69,69,69,69,69,69,68,70
193105,0,196,276,207,127,138,138,138,138,59,68,69,69,69,69,69,69,68,70
193106,0,195,276,207,126,138,138,138,138,58,68,69,69,69,69,69,69,68,70
193107,0,210,281,211,140,140,141,140,141,69,71,70,70,71,70,70,70,71,70
193108,0,209,281,211,139,140,141,140,141,68,71,70,70,71,70,70,70,71,70
193109,0,209,281,210,139,140,141,140,140,68,71,70,70,71,70,70,70,71,69
193110,0,208,280,209,138,140,140,139,140,67,71,70,70,70,70,70,69,71,69
193111,0,208,280,209,138,140,140,139,140,67,71,70,70,70,70,70,69,71,69
193112,0,205,280,208,135,140,140,139,139,64,71,70,70,70,70,70,69,70,69
193201,0,205,280,208,135,140,140,139,139,64,71,70,70,70,70,70,69,70,69
193202,0,205,280,208,135,140,140,139,139,64,71,70,70,70,70,70,69,70,69
193203,0,204,278,208,134,139,139,139,139,64,70,70,69,69,70,70,69,70,69
193204,0,202,276,206,132,139,137,138,138,63,69,70,69,67,70,70,68,69,69
193205,0,201,275,205,132,138,137,136,138,63,69,69,69,67,70,69,67,69,69
193206,0,197,272,205,129,135,136,136,138,61,68,68,67,66,70,69,67,69,69
193207,0,204,271,204,136,136,135,136,136,69,67,68,68,68,67,68,68,68,68
193208,0,201,271,204,133,136,135,136,136,66,67,68,68,68,67,68,68,68,68
193209,0,200,270,204,133,135,134,136,136,66,67,67,68,68,66,68,68,68,68
193210,0,200,270,204,133,135,134,136,136,66,67,67,68,68,66,68,68,68,68
193211,0,199,270,204,132,135,134,136,136,65,67,67,68,68,66,68,68,68,68
193212,0,196,269,204,129,135,133,136,136,63,66,67,68,68,65,68,68,68,68
193301,0,196,269,204,129,135,133,136,136,63,66,67,68,68,65,68,68,68,68
193302,0,196,268,204,129,135,132,136,136,63,66,67,68,67,65,68,68,68,68
193303,0,196,266,204,129,134,131,136,136,63,66,67,67,67,64,68,68,68,68
193304,0,196,266,204,129,134,131,136,136,63,66,67,67,67,64,68,68,68,68
193305,0,194,266,204,128,133,131,136,136,63,65,66,67,67,64,68,68,68,68
193306,0,189,265,203,124,132,130,135,136,59,65,65,67,66,64,68,67,68,68
193307,0,202,269,202,135,134,135,134,135,67,68,67,67,68,67,67,67,68,67
193308,0,202,268,202,135,134,134,134,135,67,68,67,67,67,67,67,67,68,67
193309,0,201,268,202,134,134,134,134,135,66,68,67,67,67,67,67,67,68,67
193310,0,201,268,202,134,134,134,134,135,66,68,67,67,67,67,67,67,68,67
193311,0,201,268,202,134,134,134,134,135,66,68,67,67,67,67,67,67,68,67
193312,0,201,267,202,134,134,133,134,135,66,68,67,67,66,67,67,67,68,67
193401,0,200,267,202,133,134,133,134,135,66,67,67,67,66,67,67,67,68,67
193402,0,200,267,202,133,134,133,134,135,66,67,67,67,66,67,67,67,68,67
193403,0,200,267,202,133,134,133,134,135,66,67,67,67,66,67,67,67,68,67
193404,0,200,267,202,133,134,133,134,135,66,67,67,67,66,67,67,67,68,67
193405,0,199,266,202,132,134,132,134,135,66,66,67,67,66,66,67,67,68,67
193406,0,199,266,202,132,134,132,134,135,66,66,67,67,66,66,67,67,68,67
193407,0,203,273,205,135,136,137,136,137,66,69,68,68,69,68,68,68,69,68
193408,0,203,273,205,135,136,137,136,137,66,69,68,68,69,68,68,68,69,68
193409,0,203,273,205,135,136,137,136,137,66,69,68,68,69,68,68,68,69,68
193410,0,199,272,205,133,134,136,136,137,64,69,66,68,68,68,68,68,69,68
193411,0,198,272,205,132,134,136,136,137,63,69,66,68,68,68,68,68,69,68
193412,0,198,272,205,132,134,136,136,137,63,69,66,68,68,68,68,68,69,68
193501,0,197,272,205,131,134,136,136,137,62,69,66,68,68,68,68,68,69,68
193502,0,196,271,205,130,134,135,136,137,61,69,66,68,68,67,68,68,69,68
193503,0,196,271,205,130,134,135,136,137,61,69,66,68,68,67,68,68,69,68
193504,0,195,271,205,129,134,135,136,137,61,68,66,68,68,67,68,68,69,68
193505,0,194,270,205,128,134,134,136,137,60,68,66,68,67,67,68,68,69,68
193506,0,194,270,205,128,134,134,136,137,60,68,66,68,67,67,68,68,69,68
193507,0,200,273,203,133,135,137,136,135,65,68,67,68,69,68,68,68,67,68
193508,0,199,273,203,132,135,137,136,135,65,67,67,68,69,68,68,68,67,68
193509,0,198,272,202,131,134,137,136,134,64,67,67,67,69,68,68,68,66,68
193510,0,197,272,202,130,134,137,136,134,64,66,67,67,69,68,68,68,66,68
193511,0,197,272,202,130,134,137,136,134,64,66,67,67,69,68,68,68,66,68
193512,0,196,272,202,129,134,137,136,134,63,66,67,67,69,68,68,68,66,68
193601,0,196,272,202,129,134,137,136,134,63,66,67,67,69,68,68,68,66,68
193602,0,195,272,202,128,134,137,136,134,62,66,67,67,69,68,68,68,66,68
193603,0,193,272,202,126,134,137,136,134,60,66,67,67,69,68,68,68,66,68
193604,0,193,271,202,126,133,137,136,134,60,66,67,66,69,68,68,68,66,68
193605,0,192,271,202,125,133,137,136,134,60,65,67,66,69,68,68,68,66,68
193606,0,192,271,202,125,133,137,136,134,60,65,67,66,69,68,68,68,66,68
193607,0,212,283,212,141,142,141,142,141,71,70,71,71,71,70,71,71,70,71
193608,0,210,283,212,139,142,141,142,141,69,70,71,71,71,70,71,71,70,71
193609,0,210,283,212,139,142,141,142,141,69,70,71,71,71,70,71,71,70,71
193610,0,208,283,211,137,142,141,142,140,68,69,71,71,71,70,71,71,69,71
193611,0,208,283,211,137,142,141,142,140,68,69,71,71,71,70,71,71,69,71
193612,0,208,283,210,137,142,141,142,139,68,69,71,71,71,70,71,71,68,71
193701,0,206,281,210,136,141,140,141,139,67,69,70,71,71,69,70,71,68,71
193702,0,206,281,210,136,141,140,141,139,67,69,70,71,71,69,70,71,68,71
193703,0,205,281,210,136,140,140,141,139,67,69,69,71,71,69,70,71,68,71
193704,0,204,280,210,135,140,139,141,139,66,69,69,71,70,69,70,71,68,71
193705,0,204,280,210,135,140,139,141,139,66,69,69,71,70,69,70,71,68,71
193706,0,204,280,210,135,140,139,141,139,66,69,69,71,70,69,70,71,68,71
193707,0,222,297,222,148,148,149,148,148,74,74,74,74,75,74,74,74,74,74
193708,0,222,297,222,148,148,149,148,148,74,74,74,74,75,74,74,74,74,74
193709,0,221,297,222,147,148,149,148,148,73,74,74,74,75,74,74,74,74,74
193710,0,221,297,222,147,148,149,148,148,73,74,74,74,75,74,74,74,74,74
193711,0,221,297,222,147,148,149,148,148,73,74,74,74,75,74,74,74,74,74
193712,0,221,297,222,147,148,149,148,148,73,74,74,74,75,74,74,74,74,74
193801,0,221,297,222,147,148,149,148,148,73,74,74,74,75,74,74,74,74,74
193802,0,221,297,222,147,148,149,148,148,73,74,74,74,75,74,74,74,74,74
193803,0,221,297,222,147,148,149,148,148,73,74,74,74,75,74,74,74,74,74
193804,0,220,297,222,146,148,149,148,148,73,73,74,74,75,74,74,74,74,74
193805,0,217,297,222,143,148,149,148,148,70,73,74,74,75,74,74,74,74,74
193806,0,217,297,222,143,148,149,148,148,70,73,74,74,75,74,74,74,74,74
193807,0,228,304,229,152,152,152,152,153,75,77,76,76,77,75,76,76,77,76
193808,0,225,303,229,149,152,151,152,153,72,77,76,76,77,74,76,76,77,76
193809,0,224,303,229,148,152,151,152,153,71,77,76,76,77,74,76,76,77,76
193810,0,223,303,229,147,152,151,152,153,70,77,76,76,77,74,76,76,77,76
193811,0,222,303,229,146,152,151,152,153,69,77,76,76,77,74,76,76,77,76
193812,0,218,302,229,142,152,150,152,153,65,77,76,76,77,73,76,76,77,76
193901,0,218,302,229,142,152,150,152,153,65,77,76,76,77,73,76,76,77,76
193902,0,218,302,229,142,152,150,152,153,65,77,76,76,77,73,76,76,77,76
193903,0,218,302,229,142,152,150,152,153,65,77,76,76,77,73,76,76,77,76
193904,0,217,302,229,141,152,150,152,153,64,77,76,76,77,73,76,76,77,76
193905,0,216,302,229,140,152,150,152,153,63,77,76,76,77,73,76,76,77,76
193906,0,215,302,229,139,152,150,152,153,62,77,76,76,77,73,76,76,77,76
193907,0,225,300,225,150,150,151,149,150,75,75,75,75,76,75,74,75,75,75
193908,0,224,300,224,149,150,151,149,149,74,75,75,75,76,75,74,75,74,75
193909,0,221,300,224,146,150,151,149,149,71,75,75,75,76,75,74,75,74,75
193910,0,220,300,224,145,150,151,149,149,70,75,75,75,76,75,74,75,74,75
193911,0,219,300,224,144,150,151,149,149,70,74,75,75,76,75,74,75,74,75
193912,0,219,300,224,144,150,151,149,149,70,74,75,75,76,75,74,75,74,75
194001,0,218,300,224,143,150,151,149,149,69,74,75,75,76,75,74,75,74,75
194002,0,218,300,224,143,150,151,149,149,69,74,75,75,76,75,74,75,74,75
194003,0,218,300,224,143,150,151,149,149,69,74,75,75,76,75,74,75,74,75
194004,0,218,300,224,143,150,151,149,149,69,74,75,75,76,75,74,75,74,75
194005,0,216,300,224,141,150,151,149,149,67,74,75,75,76,75,74,75,74,75
194006,0,216,300,224,141,150,151,149,149,67,74,75,75,76,75,74,75,74,75
194007,0,229,305,229,153,152,153,152,153,76,77,76,76,77,76,76,76,77,76
194008,0,227,305,229,151,152,153,152,153,74,77,76,76,77,76,76,76,77,76
194009,0,225,305,229,149,152,153,152,153,73,76,76,76,77,76,76,76,77,76
194010,0,224,305,229,148,152,153,152,153,72,76,76,76,77,76,76,76,77,76
194011,0,224,305,229,148,152,153,152,153,72,76,76,76,77,76,76,76,77,76
194012,0,221,305,229,146,151,153,152,153,70,76,75,76,77,76,76,76,77,76
194101,0,221,305,229,146,151,153,152,153,70,76,75,76,77,76,76,76,77,76
194102,0,220,305,229,145,151,153,152,153,69,76,75,76,77,76,76,76,77,76
194103,0,220,305,229,145,151,153,152,153,69,76,75,76,77,76,76,76,77,76
194104,0,220,305,229,145,151,153,152,153,69,76,75,76,77,76,76,76,77,76
194105,0,220,305,229,145,151,153,152,153,69,76,75,76,77,76,76,76,77,76
194106,0,219,305,229,144,151,153,152,153,68,76,75,76,77,76,76,76,77,76
194107,0,232,309,232,155,154,155,154,155,77,78,77,77,78,77,77,77,78,77
194108,0,231,309,232,154,154,155,154,155,76,78,77,77,78,77,77,77,78,77
194109,0,231,309,232,154,154,155,154,155,76,78,77,77,78,77,77,77,78,77
194110,0,231,309,232,154,154,155,154,155,76,78,77,77,78,77,77,77,78,77
194111,0,231,308,232,154,154,154,154,155,76,78,77,77,77,77,77,77,78,77
194112,0,231,308,232,154,154,154,154,155,76,78,77,77,77,77,77,77,78,77
194201,0,231,308,232,154,154,154,154,155,76,78,77,77,77,77,77,77,78,77
194202,0,231,308,232,154,154,154,154,155,76,78,77,77,77,77,77,77,78,77
194203,0,230,308,232,153,154,154,154,155,75,78,77,77,77,77,77,77,78,77
194204,0,230,308,232,153,154,154,154,155,75,78,77,77,77,77,77,77,78,77
194205,0,230,308,232,153,154,154,154,155,75,78,77,77,77,77,77,77,78,77
194206,0,230,308,232,153,154,154,154,155,75,78,77,77,77,77,77,77,78,77
194207,0,235,310,235,156,157,154,157,156,78,78,79,78,76,78,78,79,78,78
194208,0,235,310,235,156,157,154,157,156,78,78,79,78,76,78,78,79,78,78
194209,0,235,310,235,156,157,154,157,156,78,78,79,78,76,78,78,79,78,78
194210,0,235,309,235,156,157,153,157,156,78,78,79,78,75,78,78,79,78,78
194211,0,235,309,235,156,157,153,157,156,78,78,79,78,75,78,78,79,78,78
194212,0,234,309,235,155,157,153,157,156,77,78,79,78,75,78,78,79,78,78
194301,0,234,309,235,155,157,153,157,156,77,78,79,78,75,78,78,79,78,78
194302,0,234,308,235,155,157,152,157,156,77,78,79,78,75,77,78,79,78,78
194303,0,234,307,235,155,157,151,157,156,77,78,79,78,75,76,78,79,78,78
194304,0,234,306,235,155,157,150,157,156,77,78,79,78,75,75,78,79,78,78
194305,0,234,306,235,155,157,150,157,156,77,78,79,78,75,75,78,79,78,78
194306,0,233,306,235,154,157,150,157,156,76,78,79,78,75,75,78,79,78,78
194307,0,234,310,234,156,155,155,156,156,78,78,78,77,78,77,78,78,78,78
194308,0,234,310,234,156,155,155,156,156,78,78,78,77,78,77,78,78,78,78
194309,0,234,310,234,156,155,155,156,156,78,78,78,77,78,77,78,78,78,78
194310,0,233,310,234,156,154,155,156,156,78,78,77,77,78,77,78,78,78,78
194311,0,232,310,234,155,154,155,156,156,77,78,77,77,78,77,78,78,78,78
194312,0,230,310,234,153,154,155,156,156,76,77,77,77,78,77,78,78,78,78
194401,0,227,310,234,150,154,155,156,156,73,77,77,77,78,77,78,78,78,78
194402,0,226,310,234,149,154,155,156,156,72,77,77,77,78,77,78,78,78,78
194403,0,226,310,234,149,154,155,156,156,72,77,77,77,78,77,78,78,78,78
194404,0,226,310,234,149,154,155,156,156,72,77,77,77,78,77,78,78,78,78
194405,0,225,310,234,148,154,155,156,156,72,76,77,77,78,77,78,78,78,78
194406,0,225,310,234,148,154,155,156,156,72,76,77,77,78,77,78,78,78,78
194407,0,238,319,238,158,159,159,160,159,79,79,80,79,80,79,81,79,80,79
194408,0,238,319,238,158,159,159,160,159,79,79,80,79,80,79,81,79,80,79
194409,0,237,319,238,157,159,159,160,159,78,79,80,79,80,79,81,79,80,79
194410,0,235,319,238,155,159,159,160,159,76,79,80,79,80,79,81,79,80,79
194411,0,235,319,238,155,159,159,160,159,76,79,80,79,80,79,81,79,80,79
194412,0,234,319,238,154,159,159,160,159,75,79,80,79,80,79,81,79,80,79
194501,0,233,319,238,153,159,159,160,159,75,78,80,79,80,79,81,79,80,79
194502,0,233,319,238,153,159,159,160,159,75,78,80,79,80,79,81,79,80,79
194503,0,233,319,238,153,159,159,160,159,75,78,80,79,80,79,81,79,80,79
194504,0,233,319,238,153,159,159,160,159,75,78,80,79,80,79,81,79,80,79
194505,0,233,319,238,153,159,159,160,159,75,78,80,79,80,79,81,79,80,79
194506,0,233,319,238,153,159,159,160,159,75,78,80,79,80,79,81,79,80,79
194507,0,246,327,246,164,164,163,164,164,82,82,82,82,81,82,82,82,82,82
194508,0,246,327,246,164,164,163,164,164,82,82,82,82,81,82,82,82,82,82
194509,0,246,327,246,164,164,163,164,164,82,82,82,82,81,82,82,82,82,82
194510,0,245,327,246,163,164,163,164,164,81,82,82,82,81,82,82,82,82,82
194511,0,244,326,246,162,164,162,164,164,80,82,82,82,80,82,82,82,82,82
194512,0,244,326,246,162,164,162,164,164,80,82,82,82,80,82,82,82,82,82
194601,0,244,325,246,162,164,161,164,164,80,82,82,82,80,81,82,82,82,82
194602,0,244,324,246,162,164,160,164,164,80,82,82,82,79,81,82,82,82,82
194603,0,244,324,246,162,164,160,164,164,80,82,82,82,79,81,82,82,82,82
194604,0,244,324,246,162,164,160,164,164,80,82,82,82,79,81,82,82,82,82
194605,0,244,324,246,162,164,160,164,164,80,82,82,82,79,81,82,82,82,82
194606,0,244,323,246,162,164,159,164,164,80,82,82,82,78,81,82,82,82,82
194607,0,257,342,257,171,171,173,170,171,86,85,86,85,86,87,84,86,85,86
194608,0,256,342,257,170,171,173,170,171,85,85,86,85,86,87,84,86,85,86
194609,0,256,342,257,170,171,173,170,171,85,85,86,85,86,87,84,86,85,86
194610,0,256,341,257,170,171,172,170,171,85,85,86,85,85,87,84,86,85,86
194611,0,256,340,257,170,170,172,170,171,85,85,86,84,85,87,84,86,85,86
194612,0,256,340,257,170,170,172,170,171,85,85,86,84,85,87,84,86,85,86
194701,0,256,340,257,170,170,172,170,171,85,85,86,84,85,87,84,86,85,86
194702,0,256,340,257,170,170,172,170,171,85,85,86,84,85,87,84,86,85,86
194703,0,256,340,257,170,170,172,170,171,85,85,86,84,85,87,84,86,85,86
194704,0,256,340,257,170,170,172,170,171,85,85,86,84,85,87,84,86,85,86
194705,0,256,340,257,170,170,172,170,171,85,85,86,84,85,87,84,86,85,86
194706,0,255,340,257,170,169,172,170,171,85,85,85,84,85,87,84,86,85,86
194707,0,270,359,269,180,180,179,179,180,90,90,90,90,90,89,90,89,90,90
194708,0,270,359,269,180,180,179,179,180,90,90,90,90,90,89,90,89,90,90
194709,0,270,359,269,180,180,179,179,180,90,90,90,90,90,89,90,89,90,90
194710,0,270,358,269,180,179,179,179,180,90,90,90,89,90,89,90,89,90,90
194711,0,270,358,269,180,179,179,179,180,90,90,90,89,90,89,90,89,90,90
194712,0,270,358,269,180,179,179,179,180,90,90,90,89,90,89,90,89,90,90
194801,0,270,358,269,180,179,179,179,180,90,90,90,89,90,89,90,89,90,90
194802,0,270,358,269,180,179,179,179,180,90,90,90,89,90,89,90,89,90,90
194803,0,270,358,269,180,179,179,179,180,90,90,90,89,90,89,90,89,90,90
194804,0,270,358,269,180,179,179,179,180,90,90,90,89,90,89,90,89,90,90
194805,0,270,358,269,180,179,179,179,180,90,90,90,89,90,89,90,89,90,90
194806,0,270,358,269,180,179,179,179,180,90,90,90,89,90,89,90,89,90,90
194807,0,281,374,280,187,188,186,187,187,94,93,94,94,93,93,94,93,94,93
194808,0,281,374,280,187,188,186,187,187,94,93,94,94,93,93,94,93,94,93
194809,0,281,373,280,187,188,185,187,187,94,93,94,94,93,92,94,93,94,93
194810,0,281,373,280,187,188,185,187,187,94,93,94,94,93,92,94,93,94,93
194811,0,281,373,280,187,188,185,187,187,94,93,94,94,93,92,94,93,94,93
194812,0,281,373,280,187,188,185,187,187,94,93,94,94,93,92,94,93,94,93
194901,0,281,373,280,187,188,185,187,187,94,93,94,94,93,92,94,93,94,93
194902,0,281,373,280,187,188,185,187,187,94,93,94,94,93,92,94,93,94,93
194903,0,281,373,280,187,188,185,187,187,94,93,94,94,93,92,94,93,94,93
194904,0,281,373,280,187,188,185,187,187,94,93,94,94,93,92,94,93,94,93
194905,0,281,373,280,187,188,185,187,187,94,93,94,94,93,92,94,93,94,93
194906,0,281,373,280,187,188,185,187,187,94,93,94,94,93,92,94,93,94,93
194907,0,287,384,287,192,191,192,191,192,96,96,95,96,96,96,96,95,96,96
194908,0,287,384,287,192,191,192,191,192,96,96,95,96,96,96,96,95,96,96
194909,0,287,384,287,192,191,192,191,192,96,96,95,96,96,96,96,95,96,96
194910,0,287,384,287,192,191,192,191,192,96,96,95,96,96,96,96,95,96,96
194911,0,287,384,287,192,191,192,191,192,96,96,95,96,96,96,96,95,96,96
194912,0,287,384,286,192,191,192,190,192,96,96,95,96,96,96,96,94,96,96
195001,0,287,382,286,192,191,190,190,192,96,96,95,96,95,95,96,94,96,96
195002,0,287,382,286,192,191,190,190,192,96,96,95,96,95,95,96,94,96,96
195003,0,287,382,286,192,191,190,190,192,96,96,95,96,95,95,96,94,96,96
195004,0,287,382,286,192,191,190,190,192,96,96,95,96,95,95,96,94,96,96
195005,0,286,382,286,191,191,190,190,192,95,96,95,96,95,95,96,94,96,96
195006,0,286,382,285,191,191,190,190,191,95,96,95,96,95,95,96,94,95,96
195007,0,292,390,293,194,195,196,195,195,97,97,98,97,98,98,97,98,97,98
195008,0,292,390,293,194,195,196,195,195,97,97,98,97,98,98,97,98,97,98
195009,0,292,390,293,194,195,196,195,195,97,97,98,97,98,98,97,98,97,98
195010,0,292,390,293,194,195,196,195,195,97,97,98,97,98,98,97,98,97,98
195011,0,292,390,293,194,195,196,195,195,97,97,98,97,98,98,97,98,97,98
195012,0,292,388,293,194,194,195,195,195,97,97,98,96,97,98,97,98,97,98
195101,0,292,387,293,194,193,195,195,195,97,97,98,95,97,98,97,98,97,98
195102,0,292,387,293,194,193,195,195,195,97,97,98,95,97,98,97,98,97,98
195103,0,292,387,293,194,193,195,195,195,97,97,98,95,97,98,97,98,97,98
195104,0,292,387,293,194,193,195,195,195,97,97,98,95,97,98,97,98,97,98
195105,0,292,387,293,194,193,195,195,195,97,97,98,95,97,98,97,98,97,98
195106,0,292,387,293,194,193,195,195,195,97,97,98,95,97,98,97,98,97,98
195107,0,301,401,301,201,200,201,200,201,100,101,100,100,101,100,100,100,101,100
195108,0,301,400,301,201,200,200,200,201,100,101,100,100,101,99,100,100,101,100
195109,0,300,400,301,201,199,200,200,201,100,101,99,100,101,99,100,100,101,100
195110,0,300,400,301,201,199,200,200,201,100,101,99,100,101,99,100,100,101,100
195111,0,299,400,300,200,199,200,199,201,100,100,99,100,101,99,100,99,101,100
195112,0,299,400,300,200,199,200,199,201,100,100,99,100,101,99,100,99,101,100
195201,0,299,400,300,200,199,200,199,201,100,100,99,100,101,99,100,99,101,100
195202,0,299,400,300,200,199,200,199,201,100,100,99,100,101,99,100,99,101,100
195203,0,298,400,300,199,199,200,199,201,99,100,99,100,101,99,100,99,101,100
195204,0,297,400,300,198,199,200,199,201,99,99,99,100,101,99,100,99,101,100
195205,0,297,400,300,198,199,200,199,201,99,99,99,100,101,99,100,99,101,100
195206,0,297,400,300,198,199,200,199,201,99,99,99,100,101,99,100,99,101,100
195207,0,304,404,304,202,203,202,203,202,101,101,102,101,101,101,101,102,101,101
195208,0,304,404,304,202,203,202,203,202,101,101,102,101,101,101,101,102,101,101
195209,0,304,404,304,202,203,202,203,202,101,101,102,101,101,101,101,102,101,101
195210,0,304,404,303,202,203,202,202,202,101,101,102,101,101,101,101,101,101,101
195211,0,304,403,303,202,202,202,202,202,101,101,102,100,101,101,101,101,101,101
195212,0,304,403,303,202,202,202,202,202,101,101,102,100,101,101,101,101,101,101
195301,0,304,403,303,202,202,202,202,202,101,101,102,100,101,101,101,101,101,101
195302,0,303,402,303,201,201,202,202,202,101,100,102,99,101,101,101,101,101,101
195303,0,302,400,303,200,201,200,202,202,101,99,102,99,101,99,101,101,101,101
195304,0,302,400,303,200,201,200,202,202,101,99,102,99,101,99,101,101,101,101
195305,0,299,398,303,197,200,200,201,202,99,98,102,98,101,99,100,101,101,101
195306,0,299,398,303,197,200,200,201,202,99,98,102,98,101,99,100,101,101,101
195307,0,306,408,307,204,204,204,204,205,102,102,102,102,101,103,102,102,103,102
195308,0,305,408,307,204,203,204,204,205,102,102,101,102,101,103,102,102,103,102
195309,0,304,407,307,203,202,204,204,205,102,101,101,101,101,103,102,102,103,102
195310,0,304,406,307,203,202,204,203,205,102,101,101,101,101,103,101,102,103,102
195311,0,304,405,307,203,202,203,203,205,102,101,101,101,101,102,101,102,103,102
195312,0,304,405,307,203,202,203,203,205,102,101,101,101,101,102,101,102,103,102
195401,0,304,405,307,203,202,203,203,205,102,101,101,101,101,102,101,102,103,102
195402,0,304,405,307,203,202,203,203,205,102,101,101,101,101,102,101,102,103,102
195403,0,304,405,307,203,202,203,203,205,102,101,101,101,101,102,101,102,103,102
195404,0,303,405,307,202,202,203,203,205,102,100,101,101,101,102,101,102,103,102
195405,0,303,402,307,202,202,201,202,205,102,100,101,101,101,100,100,102,103,102
195406,0,303,402,307,202,202,201,202,205,102,100,101,101,101,100,100,102,103,102
195407,0,307,409,307,206,203,205,204,205,102,104,101,102,102,103,102,102,103,102
195408,0,307,409,306,206,203,205,204,204,102,104,101,102,102,103,102,102,103,101
195409,0,307,409,306,206,203,205,204,204,102,104,101,102,102,103,102,102,103,101
195410,0,305,407,306,204,203,204,203,204,100,104,101,102,102,102,101,102,103,101
195411,0,304,407,306,204,202,204,203,204,100,104,100,102,102,102,101,102,103,101
195412,0,304,407,306,204,202,204,203,204,100,104,100,102,102,102,101,102,103,101
195501,0,304,407,305,204,202,204,203,203,100,104,100,102,102,102,101,102,102,101
195502,0,302,406,305,203,200,204,203,203,99,104,99,101,102,102,101,102,102,101
195503,0,301,405,305,203,198,204,203,203,99,104,98,100,102,102,101,102,102,101
195504,0,300,404,305,203,196,204,203,203,99,104,97,99,102,102,101,102,102,101
195505,0,298,404,304,202,195,204,203,202,98,104,96,99,102,102,101,102,101,101
195506,0,298,404,304,202,195,204,203,202,98,104,96,99,102,102,101,102,101,101
195507,0,309,410,308,206,206,205,205,205,103,103,103,103,102,103,102,103,103,102
195508,0,307,409,308,204,206,204,205,205,101,103,103,103,101,103,102,103,103,102
195509,0,305,408,308,204,204,203,205,205,101,103,101,103,101,102,102,103,103,102
195510,0,304,408,307,203,204,203,204,205,101,102,101,103,101,102,102,102,103,102
195511,0,304,408,307,203,204,203,204,205,101,102,101,103,101,102,102,102,103,102
195512,0,301,408,306,200,204,203,203,205,98,102,101,103,101,102,102,101,103,102
195601,0,300,407,306,200,202,203,203,205,98,102,100,102,101,102,102,101,103,102
195602,0,299,407,306,199,202,203,203,205,97,102,100,102,101,102,102,101,103,102
195603,0,299,407,306,199,202,203,203,205,97,102,100,102,101,102,102,101,103,102
195604,0,299,407,306,199,202,203,203,205,97,102,100,102,101,102,102,101,103,102
195605,0,297,407,306,197,202,203,203,205,97,100,100,102,101,102,102,101,103,102
195606,0,296,405,306,196,201,202,203,205,96,100,100,101,100,102,102,101,103,102
195607,0,306,409,308,203,204,205,206,205,101,102,103,101,103,102,103,103,102,103
195608,0,306,407,307,203,204,203,206,204,101,102,103,101,102,101,103,103,101,103
195609,0,305,406,307,202,204,202,206,204,100,102,103,101,101,101,103,103,101,103
195610,0,305,404,306,202,203,202,204,204,100,102,103,100,101,101,102,102,101,103
195611,0,304,404,306,202,202,202,204,204,100,102,102,100,101,101,102,102,101,103
195612,0,304,404,306,202,202,202,204,204,100,102,102,100,101,101,102,102,101,103
195701,0,302,402,306,202,200,202,202,204,100,102,100,100,101,101,100,102,101,103
195702,0,302,402,306,202,200,202,202,204,100,102,100,100,101,101,100,102,101,103
195703,0,302,402,306,202,200,202,202,204,100,102,100,100,101,101,100,102,101,103
195704,0,301,402,306,201,200,202,202,204,99,102,100,100,101,101,100,102,101,103
195705,0,299,401,306,200,199,201,202,204,98,102,99,100,100,101,100,102,101,103
195706,0,297,400,306,198,199,200,202,204,97,101,99,100,99,101,100,102,101,103
195707,0,310,416,311,208,206,208,207,208,104,104,102,104,104,104,104,103,104,104
195708,0,307,416,311,206,205,208,207,208,102,104,101,104,104,104,104,103,104,104
195709,0,307,414,311,206,203,208,207,208,102,104,101,102,104,104,104,103,104,104
195710,0,306,412,311,205,203,206,207,208,101,104,101,102,104,102,104,103,104,104
195711,0,305,412,311,205,202,206,207,208,101,104,100,102,104,102,104,103,104,104
195712,0,303,411,310,203,202,206,205,208,100,103,100,102,104,102,103,102,104,104
195801,0,302,410,310,202,201,206,205,208,99,103,100,101,104,102,103,102,104,104
195802,0,301,410,310,201,201,206,205,208,99,102,100,101,104,102,103,102,104,104
195803,0,296,410,310,196,201,206,205,208,97,99,100,101,104,102,103,102,104,104
195804,0,296,410,310,196,201,206,205,208,97,99,100,101,104,102,103,102,104,104
195805,0,295,410,309,195,201,206,204,208,96,99,100,101,104,102,103,101,104,104
195806,0,293,410,308,193,201,206,204,207,95,98,100,101,104,102,103,101,103,104
195807,0,311,415,313,207,208,207,209,208,103,104,104,104,104,103,104,105,104,104
195808,0,311,414,312,207,207,207,209,207,103,104,104,103,104,103,104,105,103,104
195809,0,310,412,312,207,206,206,208,207,103,104,103,103,103,103,103,105,103,104
195810,0,308,411,312,206,205,206,207,207,102,104,102,103,103,103,102,105,103,104
195811,0,308,411,312,206,205,206,207,207,102,104,102,103,103,103,102,105,103,104
195812,0,306,411,312,204,205,206,207,207,101,103,102,103,103,103,102,105,103,104
195901,0,306,411,312,204,205,206,207,207,101,103,102,103,103,103,102,105,103,104
195902,0,305,410,312,203,204,206,207,207,101,102,102,102,103,103,102,105,103,104
195903,0,302,409,311,200,203,206,206,207,101,99,102,101,103,103,102,104,103,104
195904,0,300,408,311,198,202,206,206,207,100,98,102,100,103,103,102,104,103,104
195905,0,300,408,311,198,202,206,206,207,100,98,102,100,103,103,102,104,103,104
195906,0,299,408,311,197,202,206,206,207,99,98,102,100,103,103,102,104,103,104
195907,0,314,418,312,209,209,209,208,209,105,104,105,104,105,104,105,103,105,104
195908,0,313,418,312,208,209,209,208,209,105,103,105,104,105,104,105,103,105,104
195909,0,313,418,312,208,209,209,208,209,105,103,105,104,105,104,105,103,105,104
195910,0,313,416,312,208,208,208,208,209,105,103,105,103,104,104,105,103,105,104
195911,0,313,415,312,208,208,207,208,209,105,103,105,103,104,103,105,103,105,104
195912,0,312,415,311,207,208,207,207,209,104,103,105,103,104,103,105,102,105,104
196001,0,312,414,311,207,207,207,207,209,104,103,105,102,104,103,105,102,105,104
196002,0,311,414,311,206,207,207,207,209,103,103,105,102,104,103,105,102,105,104
196003,0,311,413,311,206,206,207,207,209,103,103,105,101,104,103,105,102,105,104
196004,0,308,413,311,205,204,207,207,209,102,103,103,101,104,103,105,102,105,104
196005,0,305,413,311,203,203,207,207,209,102,101,102,101,104,103,105,102,105,104
196006,0,305,413,311,203,203,207,207,209,102,101,102,101,104,103,105,102,105,104
196007,0,321,428,323,214,214,213,216,215,108,106,107,107,107,106,108,108,107,108
196008,0,320,428,323,213,214,213,216,215,107,106,107,107,107,106,108,108,107,108
196009,0,319,428,323,213,213,213,216,215,107,106,106,107,107,106,108,108,107,108
196010,0,315,428,323,209,213,213,216,215,104,105,106,107,107,106,108,108,107,108
196011,0,313,428,323,208,212,213,216,215,103,105,105,107,107,106,108,108,107,108
196012,0,312,428,323,207,212,213,216,215,102,105,105,107,107,106,108,108,107,108
196101,0,310,426,323,206,209,213,216,215,101,105,104,105,107,106,108,108,107,108
196102,0,306,426,323,202,209,213,216,215,98,104,104,105,107,106,108,108,107,108
196103,0,306,425,323,202,209,212,216,215,98,104,104,105,106,106,108,108,107,108
196104,0,305,424,323,202,208,211,216,215,98,104,103,105,106,105,108,108,107,108
196105,0,305,424,323,202,208,211,216,215,98,104,103,105,106,105,108,108,107,108
196106,0,304,423,323,201,207,211,216,215,97,104,103,104,106,105,108,108,107,108
196107,0,326,434,328,217,218,216,219,218,108,109,109,109,107,109,109,110,109,109
196108,0,323,433,328,215,217,215,219,218,107,108,108,109,106,109,109,110,109,109
196109,0,322,432,328,214,217,214,219,218,107,107,108,109,106,108,109,110,109,109
196110,0,321,431,328,213,217,214,218,218,106,107,108,109,106,108,108,110,109,109
196111,0,320,430,328,213,215,214,218,218,106,107,107,108,106,108,108,110,109,109
196112,0,319,429,327,213,214,213,218,217,106,107,106,108,106,107,108,110,108,109
196201,0,318,429,327,212,214,213,218,217,105,107,106,108,106,107,108,110,108,109
196202,0,317,427,327,211,214,211,218,217,104,107,106,108,106,105,108,110,108,109
196203,0,317,427,327,211,214,211,218,217,104,107,106,108,106,105,108,110,108,109
196204,0,313,426,327,207,214,210,218,217,103,104,106,108,106,104,108,110,108,109
196205,0,313,424,327,207,214,208,218,217,103,104,106,108,104,104,108,110,108,109
196206,0,313,421,327,207,213,206,218,217,103,104,106,107,102,104,108,110,108,109
196207,0,332,446,334,220,223,223,223,223,110,110,112,111,112,111,112,111,111,112
196208,0,332,446,334,220,223,223,223,223,110,110,112,111,112,111,112,111,111,112
196209,0,332,445,334,220,222,223,223,223,110,110,112,110,112,111,112,111,111,112
196210,0,332,445,333,220,222,223,222,223,110,110,112,110,112,111,112,110,111,112
196211,0,330,445,333,219,221,223,222,223,109,110,111,110,112,111,112,110,111,112
196212,0,329,445,333,218,221,223,222,223,108,110,111,110,112,111,112,110,111,112
196301,0,328,445,333,217,221,223,222,223,107,110,111,110,112,111,112,110,111,112
196302,0,327,445,333,216,221,223,222,223,107,109,111,110,112,111,112,110,111,112
196303,0,326,445,333,215,221,223,222,223,107,108,111,110,112,111,112,110,111,112
196304,0,324,445,333,213,221,223,222,223,105,108,111,110,112,111,112,110,111,112
196305,0,320,443,333,209,221,221,222,223,103,106,111,110,111,110,112,110,111,112
196306,0,320,442,332,209,221,220,221,223,103,106,111,110,110,110,112,109,111,112
196307,0,1068,525,362,907,305,259,247,237,689,218,161,144,133,126,122,125,117,120
196308,0,1062,525,362,901,305,259,247,237,684,217,161,144,133,126,122,125,117,120
196309,0,1058,523,361,899,302,258,246,237,683,216,159,143,132,126,122,124,117,120
196310,0,1054,519,361,896,299,257,245,237,681,215,158,141,132,125,121,124,117,120
196311,0,1052,518,360,895,298,256,244,237,680,215,157,141,131,125,121,123,117,120
196312,0,1045,514,360,888,297,253,244,237,673,215,157,140,131,122,121,123,117,120
196401,0,1040,512,360,884,296,252,243,237,671,213,156,140,130,122,120,123,117,120
196402,0,1039,512,360,883,296,252,243,237,670,213,156,140,130,122,120,123,117,120
196403,0,1034,511,360,879,295,251,243,237,668,211,155,140,130,121,120,123,117,120
196404,0,1029,510,360,874,294,251,243,237,663,211,155,139,130,121,120,123,117,120
196405,0,1021,509,360,867,293,250,243,237,657,210,154,139,129,121,120,123,117,120
196406,0,1018,508,360,864,292,250,243,237,654,210,154,138,129,121,120,123,117,120
196407,0,1105,523,369,944,302,259,247,245,737,207,161,141,129,130,123,124,122,123
196408,0,1105,521,368,944,301,259,245,245,737,207,161,140,129,130,122,123,122,123
196409,0,1098,520,368,938,300,258,245,245,733,205,160,140,128,130,122,123,122,123
196410,0,1096,517,367,937,299,256,243,245,732,205,159,140,127,129,121,122,122,123
196411,0,1092,517,367,933,299,256,243,245,728,205,159,140,127,129,121,122,122,123
196412,0,1086,516,367,927,299,255,243,245,722,205,159,140,126,129,121,122,122,123
196501,0,1080,514,367,923,296,254,243,245,719,204,157,139,125,129,121,122,122,123
196502,0,1075,512,366,918,296,252,242,245,715,203,157,139,123,129,121,121,122,123
196503,0,1067,511,366,910,295,252,242,245,710,200,157,138,123,129,121,121,122,123
196504,0,1064,509,366,907,294,251,242,245,708,199,157,137,123,128,121,121,122,123
196505,0,1058,509,366,901,294,251,242,245,702,199,157,137,123,128,121,121,122,123
196506,0,1056,506,366,900,293,249,241,245,702,198,156,137,122,127,120,121,122,123
196507,0,1140,536,370,987,295,263,253,248,791,196,153,142,133,130,131,122,124,124
196508,0,1136,535,370,983,295,263,252,248,788,195,153,142,133,130,130,122,124,124
196509,0,1126,535,370,973,295,263,252,248,780,193,153,142,133,130,130,122,124,124
196510,0,1118,534,370,965,295,262,252,248,773,192,153,142,133,129,130,122,124,124
196511,0,1117,531,369,964,293,261,252,247,772,192,153,140,133,128,130,122,123,124
196512,0,1111,531,369,958,293,261,252,247,768,190,153,140,133,128,130,122,123,124
196601,0,1104,528,368,952,290,260,252,246,762,190,152,138,133,127,130,122,122,124
196602,0,1095,527,368,943,290,259,252,246,755,188,152,138,133,126,130,122,122,124
196603,0,1093,527,368,941,290,259,252,246,753,188,152,138,133,126,130,122,122,124
196604,0,1089,525,368,937,288,259,252,246,750,187,152,136,133,126,130,122,122,124
196605,0,1080,523,368,930,285,258,252,246,744,186,150,135,133,125,130,122,122,124
196606,0,1073,522,368,925,283,257,252,246,741,184,148,135,133,124,130,122,122,124
196607,0,1140,545,378,987,299,269,258,250,769,218,153,146,134,135,130,128,126,124
196608,0,1134,545,378,981,299,269,258,250,766,215,153,146,134,135,130,128,126,124
196609,0,1133,545,377,980,299,269,258,249,765,215,153,146,134,135,130,128,125,124
196610,0,1128,543,377,975,298,268,258,249,761,214,153,145,134,134,130,128,125,124
196611,0,1119,543,377,968,296,268,258,249,758,210,151,145,134,134,130,128,125,124
196612,0,1111,541,377,960,295,267,258,249,751,209,151,144,133,134,130,128,125,124
196701,0,1107,540,377,957,294,266,258,249,748,209,150,144,132,134,130,128,125,124
196702,0,1103,540,377,954,293,266,258,249,745,209,149,144,132,134,130,128,125,124
196703,0,1098,538,377,949,292,266,257,249,741,208,149,143,132,134,129,128,125,124
196704,0,1093,536,377,944,291,265,257,249,736,208,149,142,132,133,129,128,125,124
196705,0,1089,526,376,940,289,259,254,249,732,208,149,140,127,132,127,127,125,124
196706,0,1082,524,376,936,286,257,254,249,728,208,146,140,127,130,127,127,125,124
196707,0,1132,566,377,962,322,282,259,250,733,229,170,152,143,139,132,127,126,124
196708,0,1126,563,377,956,322,280,258,250,727,229,170,152,141,139,131,127,126,124
196709,0,1117,558,375,948,320,279,253,250,720,228,169,151,140,139,128,125,126,124
196710,0,1110,554,373,944,314,278,253,248,718,226,166,148,139,139,128,125,125,123
196711,0,1103,552,373,937,314,277,252,248,712,225,166,148,139,138,127,125,125,123
196712,0,1096,548,372,931,312,277,248,248,706,225,165,147,139,138,124,124,125,123
196801,0,1085,539,371,923,306,271,247,248,702,221,162,144,134,137,124,123,125,123
196802,0,1080,535,370,919,303,270,246,247,699,220,161,142,133,137,123,123,124,123
196803,0,1075,534,370,914,303,269,246,247,697,217,161,142,133,136,123,123,124,123
196804,0,1069,531,368,909,302,268,243,246,693,216,160,142,132,136,121,122,124,122
196805,0,1063,528,368,905,297,268,243,246,689,216,158,139,132,136,121,122,124,122
196806,0,1047,523,368,891,293,266,242,246,678,213,156,137,131,135,120,122,124,122
196807,0,1120,570,374,958,316,290,256,244,708,250,162,154,158,132,126,130,122,122
196808,0,1116,570,373,955,315,290,256,243,706,249,161,154,158,132,126,130,121,122
196809,0,1113,565,371,952,313,288,254,242,704,248,161,152,158,130,125,129,121,121
196810,0,1104,562,370,945,310,286,254,241,699,246,159,151,157,129,125,129,120,121
196811,0,1098,559,369,939,309,284,253,241,694,245,159,150,155,129,125,128,120,121
196812,0,1090,555,368,931,307,282,252,241,687,244,159,148,153,129,125,127,120,121
196901,0,1080,552,368,923,303,281,252,241,681,242,157,146,152,129,125,127,120,121
196902,0,1073,550,367,918,301,279,251,241,677,241,155,146,150,129,125,126,120,121
196903,0,1066,549,366,912,300,278,251,240,673,239,154,146,149,129,125,126,120,120
196904,0,1061,546,366,907,300,276,250,240,669,238,154,146,149,127,124,126,120,120
196905,0,1057,545,363,903,300,276,248,238,665,238,154,146,149,127,123,125,118,120
196906,0,1051,544,362,897,300,276,247,237,660,237,154,146,149,127,122,125,118,119
196907,0,1185,582,378,1003,343,286,264,249,783,220,182,161,149,137,135,129,126,123
196908,0,1183,578,378,1002,341,283,264,249,782,220,181,160,146,137,135,129,126,123
196909,0,1179,575,377,998,341,280,263,249,779,219,181,160,144,136,135,128,126,123
196910,0,1177,575,377,996,341,280,263,249,777,219,181,160,144,136,135,128,126,123
196911,0,1170,575,377,991,339,280,263,249,773,218,179,160,144,136,135,128,126,123
196912,0,1164,572,377,987,336,278,263,249,771,216,177,159,142,136,135,128,126,123
197001,0,1161,571,377,984,335,278,263,249,768,216,177,158,142,136,135,128,126,123
197002,0,1159,571,376,982,335,278,262,249,767,215,177,158,142,136,135,127,126,123
197003,0,1157,569,376,981,334,278,260,249,766,215,176,158,142,136,133,127,126,123
197004,0,1151,568,376,975,334,278,259,249,762,213,176,158,142,136,132,127,126,123
197005,0,1145,567,376,971,331,278,259,249,759,212,174,157,142,136,132,127,126,123
197006,0,1139,565,376,966,329,277,259,249,754,212,173,156,142,135,132,127,126,123
197007,0,1273,582,386,1087,344,288,266,256,852,235,186,158,150,138,136,130,128,128
197008,0,1268,580,386,1083,343,287,265,256,849,234,185,158,149,138,135,130,128,128
197009,0,1265,579,386,1080,343,286,265,256,846,234,185,158,148,138,135,130,128,128
197010,0,1263,578,386,1078,342,286,265,256,844,234,185,157,148,138,135,130,128,128
197011,0,1258,577,386,1073,342,286,264,256,839,234,185,157,148,138,134,130,128,128
197012,0,1250,574,385,1068,338,284,263,256,834,234,182,156,146,138,134,129,128,128
197101,0,1245,573,384,1064,336,284,263,255,830,234,181,155,146,138,134,129,127,128
197102,0,1241,571,384,1061,335,282,263,255,827,234,180,155,146,136,134,129,127,128
197103,0,1234,571,384,1056,333,282,263,255,823,233,178,155,146,136,134,129,127,128
197104,0,1228,570,384,1051,332,281,263,255,818,233,177,155,145,136,134,129,127,128
197105,0,1219,568,384,1044,330,279,263,255,813,231,175,155,144,135,134,129,127,128
197106,0,1214,566,383,1039,330,278,262,254,808,231,175,155,144,134,133,129,126,128
197107,0,1314,594,396,1114,369,284,276,261,863,251,200,169,145,139,141,135,130,131
197108,0,1311,594,396,1113,367,284,276,261,863,250,198,169,145,139,141,135,130,131
197109,0,1309,594,396,1112,366,284,276,261,862,250,197,169,145,139,141,135,130,131
197110,0,1309,594,396,1112,366,284,276,261,862,250,197,169,145,139,141,135,130,131
197111,0,1305,594,396,1109,365,284,276,261,860,249,196,169,145,139,141,135,130,131
197112,0,1302,594,395,1108,363,284,275,261,859,249,194,169,145,139,141,134,130,131
197201,0,1297,592,395,1103,361,284,275,261,854,249,194,167,145,139,141,134,130,131
197202,0,1296,592,395,1102,361,284,275,261,854,248,194,167,145,139,141,134,130,131
197203,0,1290,592,395,1097,360,284,275,261,850,247,193,167,145,139,141,134,130,131
197204,0,1284,591,395,1092,359,284,274,261,845,247,192,167,145,139,140,134,130,131
197205,0,1280,591,394,1089,358,284,273,261,842,247,191,167,145,139,140,133,130,131
197206,0,1274,591,394,1083,358,284,273,261,837,246,191,167,145,139,140,133,130,131
197207,0,1377,630,419,1179,362,317,293,275,903,276,198,164,165,152,149,144,138,137
197208,0,1369,629,418,1173,359,317,292,275,900,273,196,163,165,152,149,143,138,137
197209,0,1367,629,418,1171,359,317,292,275,899,272,196,163,165,152,149,143,138,137
197210,0,1363,628,418,1167,359,316,292,275,895,272,196,163,164,152,149,143,138,137
197211,0,1359,625,418,1163,359,313,292,275,892,271,196,163,162,151,149,143,138,137
197212,0,1356,625,418,1160,359,313,292,275,889,271,196,163,162,151,149,143,138,137
197301,0,1348,624,418,1153,358,312,292,275,883,270,195,163,161,151,149,143,138,137
197302,0,1343,622,417,1148,357,312,290,275,879,269,195,162,161,151,148,142,138,137
197303,0,1338,622,417,1143,357,312,290,275,874,269,195,162,161,151,148,142,138,137
197304,0,1334,622,417,1139,357,312,290,275,872,267,195,162,161,151,148,142,138,137
197305,0,1321,621,417,1127,356,311,290,275,861,266,194,162,161,150,148,142,138,137
197306,0,1318,620,417,1125,355,311,289,275,859,266,193,162,161,150,147,142,138,137
197307,0,3706,950,492,3367,597,487,384,313,2893,474,339,258,267,220,205,179,162,151
197308,0,3668,947,491,3330,595,485,383,313,2859,471,338,257,265,220,205,178,162,151
197309,0,3642,944,491,3305,594,483,382,313,2835,470,337,257,265,218,204,178,162,151
197310,0,3616,944,491,3280,593,483,382,313,2810,470,336,257,265,218,204,178,162,151
197311,0,3555,939,491,3220,591,480,381,313,2752,468,335,256,263,217,203,178,162,151
197312,0,3499,935,490,3166,589,477,380,312,2703,463,333,256,262,215,202,178,162,150
197401,0,3473,933,490,3141,587,476,380,312,2682,459,332,255,262,214,202,178,162,150
197402,0,3458,931,489,3126,586,475,379,312,2669,457,332,254,261,214,202,177,162,150
197403,0,3440,930,489,3109,585,474,379,312,2653,456,331,254,261,213,202,177,162,150
197404,0,3420,928,489,3090,582,474,379,312,2634,456,330,252,261,213,202,177,162,150
197405,0,3386,926,489,3057,580,473,379,312,2603,454,329,251,261,212,202,177,162,150
197406,0,3357,924,489,3029,578,472,379,312,2577,452,328,250,261,211,202,177,162,150
197407,0,3330,929,489,2983,612,475,371,307,2521,462,347,265,263,212,189,182,156,151
197408,0,3300,927,489,2955,610,473,371,307,2494,461,345,265,262,211,189,182,156,151
197409,0,3275,925,489,2930,609,472,371,307,2474,456,345,264,262,210,189,182,156,151
197410,0,3249,923,489,2904,608,471,371,307,2450,454,345,263,261,210,189,182,156,151
197411,0,3228,921,488,2883,606,471,370,307,2430,453,345,261,261,210,189,181,156,151
197412,0,3202,917,488,2859,601,470,370,307,2407,452,343,258,261,209,189,181,156,151
197501,0,3175,916,488,2832,600,470,370,307,2381,451,343,257,261,209,189,181,156,151
197502,0,3166,916,487,2824,599,470,369,307,2374,450,342,257,261,209,189,180,156,151
197503,0,3153,916,487,2811,599,470,369,307,2363,448,342,257,261,209,189,180,156,151
197504,0,3137,915,487,2795,599,469,369,307,2351,444,342,257,260,209,189,180,156,151
197505,0,3132,914,487,2792,597,468,369,307,2349,443,340,257,260,208,189,180,156,151
197506,0,3107,911,486,2768,596,465,369,306,2328,440,339,257,257,208,189,180,156,150
197507,0,3154,938,477,2854,591,460,364,300,2379,475,300,291,269,191,187,177,150,150
197508,0,3140,935,477,2841,590,457,364,300,2369,472,299,291,267,190,187,177,150,150
197509,0,3135,933,477,2836,588,457,364,300,2364,472,299,289,267,190,187,177,150,150
197510,0,3124,930,477,2825,586,456,364,300,2353,472,299,287,267,189,187,177,150,150
197511,0,3112,928,477,2814,584,455,364,300,2342,472,298,286,266,189,187,177,150,150
197512,0,3098,925,477,2801,581,454,364,300,2329,472,297,284,265,189,187,177,150,150
197601,0,3080,923,477,2785,578,453,364,300,2314,471,295,283,264,189,187,177,150,150
197602,0,3071,921,477,2776,578,451,364,300,2308,468,295,283,264,187,187,177,150,150
197603,0,3058,919,477,2763,577,450,364,300,2299,464,295,282,263,187,187,177,150,150
197604,0,3041,918,477,2746,577,449,364,300,2283,463,295,282,262,187,187,177,150,150
197605,0,3026,915,477,2731,577,447,363,300,2270,461,295,282,261,186,186,177,150,150
197606,0,3016,912,477,2722,575,445,363,300,2263,459,294,281,260,185,186,177,150,150
197607,0,3239,908,466,2925,605,443,342,298,2481,444,314,291,241,202,174,168,152,146
197608,0,3220,905,466,2910,599,442,342,298,2468,442,310,289,240,202,174,168,152,146
197609,0,3207,905,466,2898,598,442,342,298,2457,441,309,289,240,202,174,168,152,146
197610,0,3196,905,466,2887,598,442,342,298,2447,440,309,289,240,202,174,168,152,146
197611,0,3186,903,466,2877,598,440,342,298,2438,439,309,289,238,202,174,168,152,146
197612,0,3168,899,465,2862,592,439,342,297,2427,435,306,286,238,201,174,168,152,145
197701,0,3150,894,464,2846,588,436,342,296,2413,433,304,284,235,201,174,168,151,145
197702,0,3137,892,463,2833,588,435,341,295,2403,430,304,284,235,200,173,168,150,145
197703,0,3123,889,463,2820,585,434,341,295,2391,429,303,282,235,199,173,168,150,145
197704,0,3112,889,463,2809,585,434,341,295,2380,429,303,282,235,199,173,168,150,145
197705,0,3095,886,463,2796,579,433,341,295,2371,425,299,280,234,199,173,168,150,145
197706,0,3081,884,463,2783,578,432,340,295,2360,423,298,280,233,199,172,168,150,145
197707,0,3287,874,467,2972,579,434,342,301,2518,454,315,264,241,193,176,166,153,148
197708,0,3262,871,467,2950,575,432,342,301,2497,453,312,263,241,191,176,166,153,148
197709,0,3242,871,466,2931,574,432,341,301,2480,451,311,263,241,191,176,165,153,148
197710,0,3224,867,465,2915,570,430,341,300,2465,450,309,261,240,190,176,165,152,148
197711,0,3214,865,465,2905,570,429,340,300,2455,450,309,261,239,190,175,165,152,148
197712,0,3189,862,464,2882,568,427,338,300,2433,449,307,261,238,189,174,164,152,148
197801,0,3154,856,464,2851,562,424,337,300,2406,445,303,259,235,189,173,164,152,148
197802,0,3135,856,464,2832,562,424,337,300,2390,442,303,259,235,189,173,164,152,148
197803,0,3121,855,464,2818,562,423,337,300,2378,440,303,259,234,189,173,164,152,148
197804,0,3105,851,463,2803,561,419,336,300,2367,436,302,259,230,189,173,163,152,148
197805,0,3079,846,462,2779,558,415,335,300,2347,432,300,258,229,186,173,162,152,148
197806,0,3044,843,462,2745,555,415,334,300,2317,428,299,256,229,186,172,162,152,148
197807,0,3148,884,465,2832,598,430,336,301,2340,492,316,282,244,186,172,164,154,147
197808,0,3124,880,463,2813,592,428,333,301,2325,488,311,281,243,185,171,162,154,147
197809,0,3103,878,463,2795,589,427,332,301,2307,488,308,281,242,185,170,162,154,147
197810,0,3083,874,463,2777,586,424,332,301,2290,487,306,280,241,183,170,162,154,147
197811,0,3066,872,462,2763,583,423,331,300,2279,484,303,280,241,182,169,162,153,147
197812,0,3046,871,462,2745,580,423,331,300,2264,481,301,279,241,182,169,162,153,147
197901,0,3022,860,462,2724,573,419,328,300,2247,477,298,275,237,182,166,162,153,147
197902,0,3003,854,461,2709,568,415,326,300,2235,474,294,274,236,179,165,161,153,147
197903,0,2992,851,460,2699,565,415,325,299,2226,473,293,272,236,179,164,161,152,147
197904,0,2968,848,460,2679,559,415,324,299,2208,471,289,270,236,179,163,161,152,147
197905,0,2957,843,460,2669,557,412,323,299,2199,470,288,269,235,177,162,161,152,147
197906,0,2925,840,460,2642,552,410,322,299,2175,467,283,269,234,176,161,161,152,147
197907,0,3138,849,461,2798,595,424,337,294,2316,482,340,255,238,186,170,167,149,145
197908,0,3118,845,461,2780,591,424,335,294,2300,480,338,253,238,186,168,167,149,145
197909,0,3100,843,460,2764,589,424,332,294,2285,479,336,253,238,186,166,166,149,145
197910,0,3090,840,460,2756,586,423,331,294,2278,478,334,252,237,186,165,166,149,145
197911,0,3070,836,460,2737,584,420,331,294,2261,476,333,251,236,184,165,166,149,145
197912,0,3050,833,459,2721,580,418,330,293,2249,472,329,251,235,183,164,166,148,145
198001,0,3017,824,458,2689,578,414,326,292,2224,465,328,250,233,181,160,166,147,145
198002,0,3003,821,457,2676,576,413,325,291,2212,464,327,249,232,181,159,166,146,145
198003,0,2985,820,457,2660,574,413,324,291,2198,462,325,249,232,181,158,166,146,145
198004,0,2964,816,456,2639,572,411,323,291,2178,461,325,247,230,181,158,165,146,145
198005,0,2942,812,455,2619,568,410,321,291,2161,458,323,245,229,181,157,164,146,145
198006,0,2921,811,454,2600,566,410,319,291,2142,458,321,245,229,181,156,163,146,145
198007,0,3138,891,453,2778,656,419,332,297,2294,484,360,296,224,195,176,156,151,146
198008,0,3113,886,452,2753,654,416,331,297,2272,481,360,294,223,193,176,155,151,146
198009,0,3086,884,450,2732,647,415,331,295,2255,477,354,293,222,193,176,155,149,146
198010,0,3074,880,449,2720,645,414,329,295,2244,476,354,291,222,192,175,154,149,146
198011,0,3063,876,447,2710,644,410,327,295,2235,475,353,291,220,190,175,152,149,146
198012,0,3037,875,444,2686,642,409,327,292,2217,469,351,291,220,189,175,152,148,144
198101,0,3012,871,444,2663,639,407,326,292,2198,465,349,290,220,187,174,152,148,144
198102,0,2992,866,444,2645,634,406,325,292,2182,463,347,287,219,187,173,152,148,144
198103,0,2977,862,443,2633,629,404,324,292,2170,463,344,285,217,187,173,151,148,144
198104,0,2961,857,441,2618,628,400,323,290,2155,463,343,285,216,184,172,151,146,144
198105,0,2954,852,441,2613,625,397,322,290,2150,463,341,284,215,182,171,151,146,144
198106,0,2934,847,440,2593,624,394,321,289,2132,461,341,283,212,182,170,151,145,144
198107,0,3459,915,445,3112,650,431,332,294,2573,539,347,303,237,194,181,151,150,144
198108,0,3448,913,442,3101,650,429,330,293,2563,538,347,303,236,193,181,149,150,143
198109,0,3426,912,441,3080,649,429,329,292,2545,535,346,303,236,193,180,149,150,142
198110,0,3404,909,439,3061,645,427,329,290,2529,532,343,302,235,192,180,149,149,141
198111,0,3387,907,438,3045,644,425,328,290,2515,530,342,302,234,191,180,148,149,141
198112,0,3367,903,437,3026,641,423,328,289,2498,528,341,300,234,189,180,148,148,141
198201,0,3348,899,437,3009,638,421,327,289,2484,525,339,299,234,187,179,148,148,141
198202,0,3330,896,437,2992,635,420,327,289,2469,523,338,297,234,186,179,148,148,141
198203,0,3305,892,433,2969,632,418,324,287,2448,521,336,296,232,186,178,146,148,139
198204,0,3273,889,431,2940,629,417,322,285,2424,516,333,296,231,186,176,146,148,137
198205,0,3250,887,430,2918,627,416,322,284,2406,512,332,295,231,185,176,146,148,136
198206,0,3233,881,428,2901,625,412,322,282,2389,512,332,293,230,182,176,146,146,136
198207,0,3596,889,436,3241,659,419,315,287,2744,497,355,304,221,198,166,149,144,143
198208,0,3576,883,436,3222,656,418,312,287,2726,496,354,302,221,197,163,149,144,143
198209,0,3535,879,436,3189,647,416,311,287,2696,493,346,301,220,196,162,149,144,143
198210,0,3501,877,435,3156,644,416,311,286,2665,491,345,299,220,196,162,149,143,143
198211,0,3466,874,434,3121,643,415,310,285,2631,490,345,298,219,196,161,149,142,143
198212,0,3440,870,431,3099,637,413,309,283,2610,489,341,296,218,195,161,148,141,142
198301,0,3398,863,430,3060,630,411,307,283,2577,483,338,292,217,194,160,147,141,142
198302,0,3376,863,428,3040,628,411,306,282,2561,479,336,292,217,194,160,146,140,142
198303,0,3358,861,426,3023,626,410,304,282,2547,476,335,291,216,194,160,144,140,142
198304,0,3337,860,426,3002,626,409,304,282,2528,474,335,291,215,194,160,144,140,142
198305,0,3307,860,425,2975,623,409,304,281,2504,471,332,291,215,194,160,144,140,141
198306,0,3274,860,425,2943,622,409,304,281,2477,466,331,291,215,194,160,144,140,141
198307,0,3742,907,448,3356,676,440,339,286,2815,541,386,290,239,201,177,162,144,142
198308,0,3703,906,446,3320,673,439,337,286,2784,536,383,290,238,201,177,160,144,142
198309,0,3672,902,445,3290,672,435,337,285,2755,535,382,290,236,199,177,160,143,142
198310,0,3652,901,444,3272,669,435,336,285,2741,531,380,289,236,199,177,159,143,142
198311,0,3633,901,444,3254,668,435,336,285,2724,530,379,289,236,199,177,159,143,142
198312,0,3607,899,441,3230,666,433,335,283,2702,528,377,289,236,197,177,158,142,141
198401,0,3570,895,441,3194,663,433,333,283,2668,526,376,287,236,197,175,158,142,141
198402,0,3541,891,440,3169,659,429,333,282,2645,524,372,287,233,196,175,158,142,140
198403,0,3520,888,440,3151,654,428,333,282,2628,523,369,285,232,196,175,158,142,140
198404,0,3496,884,440,3129,649,428,332,282,2607,522,367,282,232,196,174,158,142,140
198405,0,3470,882,440,3105,645,428,332,282,2587,518,365,280,232,196,174,158,142,140
198406,0,3429,878,438,3069,639,425,332,280,2552,517,360,279,229,196,174,158,141,139
198407,0,4309,914,440,3941,681,428,326,287,3317,624,368,313,233,195,173,153,146,141
198408,0,4287,911,438,3920,678,427,326,285,3298,622,367,311,233,194,173,153,145,140
198409,0,4229,904,437,3863,676,423,323,285,3241,622,366,310,230,193,171,152,145,140
198410,0,4182,898,435,3816,674,420,322,283,3200,616,366,308,229,191,170,152,145,138
198411,0,4140,892,431,3774,673,415,320,281,3161,613,366,307,226,189,170,150,143,138
198412,0,4110,886,430,3744,670,413,318,281,3136,608,366,304,225,188,169,149,143,138
198501,0,4057,880,429,3694,664,411,317,280,3095,599,363,301,224,187,168,149,142,138
198502,0,4028,873,429,3666,660,408,316,280,3069,597,362,298,222,186,167,149,142,138
198503,0,3997,870,428,3635,659,406,315,280,3042,593,362,297,221,185,167,148,142,138
198504,0,3961,868,428,3600,657,405,315,280,3010,590,361,296,220,185,167,148,142,138
198505,0,3915,861,427,3559,652,399,313,280,2972,587,356,296,215,184,166,147,142,138
198506,0,3866,855,426,3510,651,395,312,279,2926,584,356,295,212,183,165,147,142,137
198507,0,4165,973,434,3789,709,455,340,279,3175,614,376,333,250,205,185,155,143,136
198508,0,4113,969,433,3740,706,452,338,279,3130,610,373,333,249,203,184,154,143,136
198509,0,4078,965,428,3705,705,450,335,276,3097,608,373,332,249,201,183,152,142,134
198510,0,4036,961,427,3665,701,448,335,275,3062,603,371,330,248,200,183,152,141,134
198511,0,3988,954,425,3619,697,444,334,273,3018,601,369,328,245,199,182,152,141,132
198512,0,3941,947,422,3576,692,440,331,271,2978,598,365,327,242,198,180,151,140,131
198601,0,3895,938,421,3531,687,435,331,270,2936,595,364,323,239,196,180,151,140,130
198602,0,3865,934,420,3502,684,433,331,269,2908,594,363,321,238,195,180,151,140,129
198603,0,3821,926,420,3462,678,428,330,269,2870,592,359,319,234,194,179,151,140,129
198604,0,3779,919,417,3425,671,425,327,267,2836,589,354,317,233,192,177,150,138,129
198605,0,3732,916,416,3380,669,423,325,267,2792,588,352,317,232,191,176,149,138,129
198606,0,3691,907,415,3341,663,418,325,266,2755,586,350,313,229,189,176,149,138,128
198607,0,4223,1027,446,3814,768,489,344,281,3121,693,409,359,267,222,179,165,149,132
198608,0,4179,1022,445,3770,768,487,340,281,3082,688,409,359,265,222,176,164,149,132
198609,0,4135,1016,444,3728,765,482,340,280,3045,683,407,358,262,220,176,164,149,131
198610,0,4091,1008,441,3684,762,478,338,278,3004,680,407,355,260,218,175,163,147,131
198611,0,4033,1000,440,3626,761,471,338,277,2952,674,407,354,257,214,175,163,146,131
198612,0,3954,984,438,3554,747,464,335,276,2889,665,400,347,253,211,173,162,145,131
198701,0,3906,975,438,3509,742,459,333,276,2852,657,397,345,249,210,171,162,145,131
198702,0,3890,972,436,3493,741,457,332,275,2837,656,397,344,248,209,171,161,144,131
198703,0,3854,969,435,3457,741,454,332,274,2810,647,397,344,247,207,171,161,143,131
198704,0,3830,963,435,3434,738,451,331,274,2794,640,396,342,246,205,170,161,143,131
198705,0,3806,959,435,3411,735,449,331,274,2775,636,395,340,245,204,170,161,143,131
198706,0,3774,952,434,3379,732,446,330,273,2747,632,395,337,244,202,169,161,143,130
198707,0,4668,1008,439,4264,731,507,328,285,3545,719,404,327,295,212,174,154,151,134
198708,0,4631,996,438,4232,723,500,325,285,3516,716,399,324,292,208,172,153,151,134
198709,0,4601,989,437,4204,719,497,322,285,3491,713,397,322,289,208,170,152,151,134
198710,0,4548,985,435,4153,717,494,319,285,3448,705,395,322,286,208,169,150,151,134
198711,0,4497,981,434,4105,714,491,317,285,3402,703,392,322,284,207,168,149,151,134
198712,0,4446,976,433,4059,706,490,316,284,3361,698,387,319,283,207,167,149,150,134
198801,0,4413,970,432,4027,702,488,314,284,3333,694,386,316,281,207,166,148,150,134
198802,0,4358,965,432,3974,699,484,314,284,3288,686,384,315,277,207,166,148,150,134
198803,0,4320,956,431,3939,695,476,314,283,3257,682,381,314,274,202,166,148,149,134
198804,0,4276,949,431,3898,690,471,314,283,3226,672,378,312,272,199,166,148,149,134
198805,0,4210,941,430,3833,685,469,311,283,3167,666,377,308,270,199,164,147,149,134
198806,0,4172,930,430,3797,678,466,308,283,3138,659,375,303,269,197,161,147,149,134
198807,0,4604,1009,436,4152,775,509,337,276,3552,600,452,323,304,205,177,160,139,137
198808,0,4541,1000,435,4096,763,505,337,275,3503,593,445,318,301,204,177,160,139,136
198809,0,4491,991,435,4052,753,501,336,275,3462,590,439,314,297,204,176,160,139,136
198810,0,4456,985,434,4019,750,499,333,274,3434,585,437,313,295,204,173,160,138,136
198811,0,4403,977,433,3970,743,496,330,274,3392,578,433,310,292,204,171,159,138,136
198812,0,4331,969,429,3902,736,492,327,272,3329,573,429,307,289,203,170,157,138,134
198901,0,4292,963,426,3864,734,487,325,271,3294,570,428,306,287,200,170,155,137,134
198902,0,4249,962,426,3825,729,487,325,271,3258,567,424,305,287,200,170,155,137,134
198903,0,4205,959,424,3784,724,486,324,270,3221,563,421,303,286,200,170,154,136,134
198904,0,4173,951,424,3754,719,481,324,270,3196,558,419,300,284,197,170,154,136,134
198905,0,4127,947,421,3711,713,480,322,269,3160,551,416,297,284,196,170,152,136,133
198906,0,4068,943,419,3656,707,479,319,269,3111,545,412,295,284,195,169,150,136,133
198907,0,4420,948,420,3973,777,444,325,269,3373,600,447,330,249,195,174,151,136,133
198908,0,4371,937,420,3926,771,439,323,269,3327,599,445,326,246,193,172,151,136,133
198909,0,4318,934,420,3876,766,438,323,269,3279,597,442,324,245,193,172,151,136,133
198910,0,4284,932,419,3842,766,436,323,268,3247,595,442,324,244,192,172,151,136,132
198911,0,4239,925,418,3802,758,433,322,267,3212,590,437,321,242,191,171,151,135,132
198912,0,4202,919,417,3767,754,429,321,267,3181,586,435,319,241,188,171,150,135,132
199001,0,4165,909,414,3733,747,425,318,265,3150,583,432,315,238,187,169,149,134,131
199002,0,4129,908,413,3701,742,425,317,265,3121,580,428,314,238,187,169,148,134,131
199003,0,4093,904,413,3666,741,421,317,265,3087,579,427,314,235,186,169,148,134,131
199004,0,4052,903,412,3626,739,421,316,265,3050,576,426,313,235,186,169,147,134,131
199005,0,4009,901,412,3584,737,420,316,265,3011,573,425,312,234,186,169,147,134,131
199006,0,3954,899,411,3531,735,418,315,265,2960,571,423,312,233,185,169,146,134,131
199007,0,4252,989,437,3792,825,454,332,275,3139,653,460,365,252,202,170,162,141,134
199008,0,4209,984,436,3753,821,452,328,275,3103,650,456,365,251,201,167,161,141,134
199009,0,4179,982,434,3725,818,452,325,275,3076,649,454,364,251,201,166,159,141,134
199010,0,4140,977,434,3688,813,450,325,275,3040,648,452,361,250,200,166,159,141,134
199011,0,4102,971,434,3652,810,447,323,275,3007,645,450,360,248,199,164,159,141,134
199012,0,4070,969,434,3622,807,446,323,275,2978,644,448,359,248,198,164,159,141,134
199101,0,4031,967,433,3584,805,445,323,274,2942,642,447,358,247,198,164,159,140,134
199102,0,4001,967,433,3556,803,445,323,274,2915,641,445,358,247,198,164,159,140,134
199103,0,3967,967,432,3523,802,445,323,273,2885,638,444,358,247,198,164,159,139,134
199104,0,3917,963,432,3473,800,443,323,273,2841,632,444,356,245,198,164,159,139,134
199105,0,3877,963,431,3435,798,443,322,273,2807,628,442,356,245,198,164,158,139,134
199106,0,3851,962,431,3410,797,442,322,273,2785,625,441,356,244,198,164,158,139,134
199107,0,4117,974,459,3609,848,462,346,285,2853,756,508,340,257,205,172,174,144,141
199108,0,4084,973,459,3576,848,462,345,285,2825,751,508,340,257,205,171,174,144,141
199109,0,4061,971,458,3555,845,461,345,284,2807,748,506,339,256,205,171,174,144,140
199110,0,4033,968,458,3528,842,460,345,284,2781,747,505,337,256,204,171,174,144,140
199111,0,4001,966,458,3499,837,460,345,284,2756,743,502,335,256,204,171,174,144,140
199112,0,3958,964,457,3456,837,458,344,284,2715,741,502,335,256,202,171,173,144,140
199201,0,3928,961,455,3427,835,456,343,283,2689,738,501,334,254,202,171,172,143,140
199202,0,3896,959,455,3395,834,455,343,283,2662,733,501,333,253,202,171,172,143,140
199203,0,3860,954,455,3360,830,453,343,283,2630,730,500,330,252,201,171,172,143,140
199204,0,3819,952,454,3322,827,453,341,282,2596,726,497,330,252,201,169,172,142,140
199205,0,3771,949,453,3274,826,451,341,281,2549,725,497,329,250,201,169,172,141,140
199206,0,3716,944,453,3219,826,447,340,281,2495,724,497,329,248,199,168,172,141,140
199207,0,4152,1049,480,3617,900,498,360,306,2806,811,535,365,271,227,186,174,156,150
199208,0,4104,1046,480,3569,897,498,360,306,2760,809,535,362,271,227,186,174,156,150
199209,0,4073,1044,480,3540,895,497,359,306,2731,809,533,362,271,226,185,174,156,150
199210,0,4031,1037,480,3499,890,494,359,306,2693,806,532,358,270,224,185,174,156,150
199211,0,4008,1036,480,3477,889,493,359,306,2671,806,531,358,269,224,185,174,156,150
199212,0,3979,1034,480,3450,887,491,359,306,2645,805,529,358,268,223,185,174,156,150
199301,0,3948,1031,480,3422,882,490,359,306,2621,801,526,356,268,222,185,174,156,150
199302,0,3923,1030,480,3400,879,489,359,306,2602,798,523,356,267,222,185,174,156,150
199303,0,3889,1027,479,3367,878,487,357,306,2571,796,522,356,266,221,184,173,156,150
199304,0,3869,1027,479,3348,877,487,357,306,2553,795,521,356,266,221,184,173,156,150
199305,0,3849,1025,479,3329,876,485,357,306,2537,792,520,356,264,221,184,173,156,150
199306,0,3821,1023,479,3302,875,483,357,306,2512,790,519,356,262,221,184,173,156,150
199307,0,4378,1059,515,3848,902,493,385,324,2840,1008,530,372,257,236,194,191,165,159
199308,0,4351,1056,515,3822,899,492,385,324,2817,1005,529,370,256,236,194,191,165,159
199309,0,4333,1054,514,3807,894,492,385,323,2803,1004,526,368,256,236,194,191,164,159
199310,0,4311,1049,514,3788,891,490,382,323,2786,1002,523,368,256,234,191,191,164,159
199311,0,4290,1049,512,3768,890,490,381,322,2771,997,522,368,256,234,191,190,163,159
199312,0,4252,1047,512,3734,886,489,380,322,2743,991,518,368,255,234,190,190,163,159
199401,0,4224,1044,510,3708,882,488,379,321,2722,986,516,366,255,233,190,189,162,159
199402,0,4195,1042,509,3679,881,487,379,320,2695,984,516,365,254,233,190,189,161,159
199403,0,4172,1042,508,3659,878,487,379,319,2679,980,513,365,254,233,190,189,160,159
199404,0,4144,1040,508,3633,875,487,378,319,2660,973,511,364,254,233,189,189,160,159
199405,0,4111,1039,508,3602,872,487,378,319,2631,971,509,363,254,233,189,189,160,159
199406,0,4076,1035,508,3571,866,485,378,319,2605,966,505,361,252,233,189,189,160,159
199407,0,4867,1132,544,4327,907,534,427,348,3228,1099,540,367,295,239,231,196,180,168
199408,0,4829,1131,541,4291,905,533,426,346,3201,1090,538,367,295,238,231,195,178,168
199409,0,4793,1126,538,4259,898,532,424,344,3171,1088,534,364,295,237,230,194,178,166
199410,0,4764,1119,538,4231,896,528,422,344,3146,1085,533,363,292,236,228,194,178,166
199411,0,4733,1115,537,4203,890,527,422,343,3123,1080,530,360,291,236,228,194,177,166
199412,0,4685,1112,535,4158,887,525,420,342,3085,1073,527,360,290,235,227,193,176,166
199501,0,4643,1105,534,4124,876,521,419,342,3058,1066,519,357,287,234,227,192,176,166
199502,0,4610,1102,532,4092,874,519,418,341,3033,1059,518,356,286,233,227,191,175,166
199503,0,4567,1098,529,4050,872,517,415,340,2996,1054,517,355,285,232,226,189,174,166
199504,0,4528,1097,528,4013,870,517,413,340,2966,1047,515,355,285,232,225,188,174,166
199505,0,4483,1090,527,3971,867,512,410,340,2930,1041,512,355,284,228,223,187,174,166
199506,0,4434,1085,527,3926,861,510,409,340,2896,1030,508,353,283,227,222,187,174,166
199507,0,4867,1187,574,4239,996,574,460,359,3286,953,628,368,313,261,245,215,186,173
199508,0,4830,1183,574,4204,994,571,459,359,3252,952,626,368,311,260,244,215,186,173
199509,0,4800,1177,573,4179,988,568,457,358,3228,951,621,367,310,258,242,215,185,173
199510,0,4757,1172,571,4138,983,566,457,356,3199,939,619,364,308,258,242,215,184,172
199511,0,4719,1167,569,4105,976,565,455,354,3175,930,614,362,307,258,240,215,183,171
199512,0,4682,1164,566,4072,972,564,453,351,3146,926,610,362,307,257,238,215,181,170
199601,0,4633,1152,563,4027,964,558,450,349,3111,916,606,358,305,253,236,214,179,170
199602,0,4594,1146,562,3992,958,555,449,348,3081,911,602,356,304,251,235,214,179,169
199603,0,4567,1137,562,3968,952,551,447,348,3061,907,599,353,303,248,233,214,179,169
199604,0,4533,1135,557,3935,950,550,445,345,3034,901,598,352,302,248,233,212,178,167
199605,0,4499,1126,557,3904,942,547,444,345,3008,896,595,347,300,247,232,212,178,167
199606,0,4464,1125,557,3874,936,547,444,345,2983,891,590,346,300,247,232,212,178,167
199607,0,5144,1304,615,4479,1101,630,468,385,3450,1029,665,436,340,290,238,230,202,183
199608,0,5103,1296,614,4440,1097,626,465,385,3415,1025,663,434,336,290,236,229,202,183
199609,0,5070,1292,611,4409,1094,625,462,383,3390,1019,661,433,335,290,234,228,201,182
199610,0,5029,1287,609,4370,1088,624,461,382,3356,1014,659,429,334,290,234,227,200,182
199611,0,4991,1284,607,4336,1083,622,459,382,3329,1007,655,428,332,290,234,225,200,182
199612,0,4949,1273,605,4295,1079,617,456,380,3298,997,654,425,329,288,231,225,200,180
199701,0,4905,1266,601,4252,1075,615,453,377,3261,991,653,422,329,286,229,224,197,180
199702,0,4872,1259,601,4224,1068,611,452,377,3238,986,648,420,327,284,228,224,197,180
199703,0,4820,1252,601,4176,1060,609,451,377,3200,976,644,416,326,283,227,224,197,180
199704,0,4782,1248,599,4144,1053,607,449,376,3175,969,638,415,324,283,226,223,197,179
199705,0,4752,1238,599,4116,1049,601,447,376,3152,964,636,413,321,280,224,223,197,179
199706,0,4701,1232,593,4072,1041,597,446,370,3117,955,629,412,319,278,223,223,193,177
199707,0,5312,1321,638,4739,997,636,487,412,3766,973,573,424,328,308,261,226,216,196
199708,0,5260,1304,634,4699,982,628,481,408,3729,970,561,421,322,306,255,226,215,193
199709,0,5217,1291,633,4661,973,620,479,408,3697,964,556,417,320,300,254,225,215,193
199710,0,5170,1278,632,4621,964,611,476,408,3662,959,549,415,316,295,252,224,215,193
199711,0,5127,1268,630,4582,955,607,475,406,3632,950,545,410,313,294,251,224,214,192
199712,0,5049,1257,628,4515,940,603,471,405,3575,940,534,406,309,294,248,223,214,191
199801,0,4994,1247,626,4465,933,596,469,404,3529,936,529,404,305,291,247,222,214,190
199802,0,4941,1238,625,4413,929,591,468,403,3486,927,528,401,303,288,246,222,213,190
199803,0,4867,1230,624,4345,920,588,465,403,3430,915,522,398,302,286,244,221,213,190
199804,0,4811,1223,620,4294,913,584,463,400,3393,901,517,396,299,285,243,220,211,189
199805,0,4758,1213,620,4244,908,579,460,400,3349,895,514,394,296,283,240,220,211,189
199806,0,4689,1200,616,4180,901,574,452,398,3291,889,509,392,293,281,234,218,210,188
199807,0,5148,1308,665,4556,988,672,490,415,3675,881,592,396,356,316,240,250,211,204
199808,0,5089,1297,659,4500,980,668,484,413,3632,868,589,391,352,316,238,246,209,204
199809,0,5015,1290,654,4428,974,666,480,411,3563,865,587,387,352,314,237,243,208,203
199810,0,4920,1275,646,4334,967,658,476,406,3480,854,586,381,347,311,236,240,206,200
199811,0,4868,1269,641,4283,965,655,472,403,3434,849,585,380,345,310,234,238,205,198
199812,0,4791,1262,639,4209,958,652,471,402,3367,842,582,376,344,308,234,237,205,197
199901,0,4720,1252,635,4142,951,648,468,398,3307,835,578,373,342,306,231,237,204,194
199902,0,4654,1247,634,4081,943,646,467,398,3251,830,573,370,340,306,231,236,204,194
199903,0,4567,1235,631,4003,929,643,462,396,3182,821,564,365,338,305,227,235,203,193
199904,0,4509,1225,629,3949,923,637,460,394,3132,817,560,363,335,302,225,235,201,193
199905,0,4452,1218,626,3895,919,633,456,393,3085,810,557,362,332,301,223,233,200,193
199906,0,4391,1207,617,3837,913,626,450,389,3038,799,554,359,328,298,222,228,198,191
199907,0,4564,1324,687,3973,1016,628,526,432,3091,882,591,425,333,295,271,255,231,201
199908,0,4499,1312,682,3915,1007,623,518,430,3042,873,584,423,329,294,266,252,229,201
199909,0,4434,1304,679,3853,1002,617,518,427,2991,862,581,421,325,292,266,252,226,201
199910,0,4385,1286,673,3807,995,606,513,423,2952,855,578,417,320,286,263,250,224,199
199911,0,4320,1263,670,3755,975,594,507,422,2910,845,565,410,314,280,259,248,223,199
199912,0,4254,1255,665,3700,961,590,504,419,2865,835,554,407,311,279,258,246,222,197
200001,0,4214,1243,661,3663,951,586,502,416,2833,830,551,400,310,276,257,245,219,197
200002,0,4162,1231,660,3617,941,581,498,416,2796,821,545,396,307,274,254,244,219,197
200003,0,4106,1217,658,3565,930,577,493,416,2757,808,541,389,304,273,251,242,219,197
200004,0,4062,1205,655,3531,916,571,490,414,2731,800,531,385,300,271,249,241,219,195
200005,0,4024,1193,653,3495,908,566,488,413,2704,791,529,379,295,271,248,240,219,194
200006,0,3970,1178,647,3444,899,562,481,409,2666,778,526,373,292,270,243,238,217,192
200007,0,4116,1536,742,3580,1006,755,578,475,2676,904,536,470,421,334,311,267,248,227
200008,0,4070,1525,738,3540,997,752,571,473,2645,895,530,467,420,332,306,265,247,226
200009,0,4019,1509,733,3497,984,744,566,470,2612,885,522,462,417,327,303,263,244,226
200010,0,3941,1498,726,3427,973,738,560,467,2557,870,514,459,414,324,301,259,242,225
200011,0,3872,1487,719,3359,969,732,557,461,2497,862,513,456,409,323,299,258,237,224
200012,0,3806,1476,713,3298,957,729,554,457,2446,852,508,449,406,323,298,256,234,223
200101,0,3732,1466,709,3230,947,725,552,453,2385,845,502,445,402,323,296,256,234,219
200102,0,3687,1455,704,3188,939,720,551,448,2352,836,499,440,400,320,295,256,232,216
200103,0,3636,1442,702,3140,932,714,546,448,2312,828,496,436,396,318,292,254,232,216
200104,0,3567,1429,695,3077,919,708,540,447,2256,821,490,429,392,316,292,248,231,216
200105,0,3495,1413,694,3008,909,702,537,446,2193,815,487,422,389,313,289,248,231,215
200106,0,3438,1402,690,2955,904,696,530,445,2152,803,483,421,388,308,285,245,230,215
200107,0,3987,1200,597,3446,919,597,441,381,2686,760,541,378,327,270,225,216,205,176
200108,0,3905,1187,594,3367,914,590,436,379,2613,754,538,376,323,267,221,215,204,175
200109,0,3865,1181,592,3330,908,587,436,377,2579,751,535,373,321,266,221,215,203,174
200110,0,3824,1175,590,3291,903,586,433,376,2547,744,533,370,320,266,219,214,203,173
200111,0,3755,1169,587,3226,896,583,430,376,2496,730,529,367,320,263,219,211,203,173
200112,0,3713,1159,585,3184,894,578,426,375,2461,723,529,365,317,261,216,210,202,173
200201,0,3664,1154,581,3136,892,578,419,374,2417,719,528,364,317,261,212,207,202,172
200202,0,3619,1149,579,3095,886,576,416,374,2380,715,524,362,316,260,211,205,202,172
200203,0,3577,1146,577,3056,883,573,415,373,2348,708,521,362,315,258,211,204,201,172
200204,0,3523,1143,577,3006,877,572,415,373,2307,699,517,360,314,258,211,204,201,172
200205,0,3487,1141,575,2971,876,570,414,372,2278,693,516,360,312,258,211,203,201,171
200206,0,3454,1136,573,2939,872,568,413,371,2254,685,515,357,311,257,211,202,200,171
200207,0,3739,1022,527,3332,746,491,381,338,2638,694,407,339,268,223,192,189,178,160
200208,0,3682,1018,526,3276,742,491,379,338,2583,693,406,336,268,223,191,188,178,160
200209,0,3647,1018,525,3241,742,491,379,337,2551,690,406,336,268,223,191,188,178,159
200210,0,3595,1015,525,3190,741,488,379,337,2504,686,405,336,267,221,191,188,178,159
200211,0,3557,1015,523,3153,740,488,378,336,2469,684,404,336,267,221,191,187,178,158
200212,0,3512,1015,522,3109,739,488,378,335,2428,681,403,336,267,221,191,187,177,158
200301,0,3463,1012,521,3062,735,488,376,335,2389,673,401,334,267,221,190,186,177,158
200302,0,3427,1010,521,3026,734,487,376,335,2355,671,401,333,267,220,190,186,177,158
200303,0,3361,1006,519,2962,730,485,375,334,2297,665,399,331,266,219,190,185,177,157
200304,0,3326,1003,517,2927,729,483,374,333,2263,664,399,330,265,218,190,184,177,156
200305,0,3288,1002,517,2890,728,482,374,333,2228,662,398,330,264,218,190,184,177,156
200306,0,3253,1000,517,2856,726,482,373,333,2196,660,397,329,264,218,189,184,177,156
200307,0,3309,1018,528,2928,716,486,383,342,2329,599,381,335,269,217,197,186,180,162
200308,0,3273,1011,527,2896,710,481,382,342,2299,597,377,333,267,214,197,185,180,162
200309,0,3249,1008,527,2873,709,479,381,342,2276,597,376,333,266,213,196,185,180,162
200310,0,3219,1005,527,2845,707,476,381,342,2249,596,374,333,263,213,196,185,180,162
200311,0,3187,1002,525,2814,704,475,380,341,2219,595,373,331,263,212,196,184,179,162
200312,0,3153,999,525,2782,700,474,380,341,2190,592,371,329,262,212,196,184,179,162
200401,0,3121,998,525,2751,699,474,379,341,2164,587,370,329,262,212,195,184,179,162
200402,0,3099,995,524,2730,696,474,378,340,2146,584,369,327,262,212,194,184,178,162
200403,0,3074,993,523,2705,696,473,376,340,2123,582,369,327,261,212,193,183,178,162
200404,0,3046,991,520,2680,693,472,375,337,2101,579,366,327,260,212,192,183,177,160
200405,0,3019,987,520,2653,691,470,375,337,2079,574,366,325,259,211,192,183,177,160
200406,0,2993,983,520,2629,686,469,375,337,2059,570,364,322,259,210,192,183,177,160
200407,0,3237,961,522,2904,630,461,390,335,2296,608,333,297,250,211,203,187,171,164
200408,0,3212,956,522,2880,629,458,388,335,2276,604,332,297,248,210,201,187,171,164
200409,0,3194,955,521,2863,628,457,388,334,2263,600,331,297,248,209,201,187,170,164
200410,0,3169,952,518,2839,627,454,387,332,2243,596,330,297,245,209,201,186,169,163
200411,0,3141,951,517,2815,623,453,387,331,2223,592,326,297,244,209,201,186,168,163
200412,0,3117,945,515,2792,618,452,386,329,2203,589,325,293,244,208,200,186,168,161
200501,0,3087,941,514,2762,615,451,386,328,2176,586,325,290,243,208,200,186,167,161
200502,0,3064,939,514,2740,613,450,386,328,2156,584,324,289,242,208,200,186,167,161
200503,0,3043,937,511,2720,612,448,385,326,2137,583,323,289,241,207,200,185,165,161
200504,0,3023,931,510,2700,609,447,382,326,2119,581,323,286,240,207,198,184,165,161
200505,0,2995,926,510,2674,605,444,382,326,2097,577,321,284,238,206,198,184,165,161
200506,0,2971,924,509,2651,604,443,380,326,2077,574,320,284,238,205,197,183,165,161
200507,0,3259,896,526,2909,624,429,383,336,2297,612,350,274,226,203,193,190,173,163
200508,0,3230,889,521,2881,620,427,380,332,2275,606,349,271,226,201,191,189,171,161
200509,0,3205,886,521,2857,619,425,379,332,2253,604,348,271,224,201,190,189,171,161
200510,0,3175,882,518,2827,618,422,377,331,2227,600,348,270,222,200,190,187,171,160
200511,0,3148,881,516,2804,614,422,375,330,2206,598,344,270,222,200,189,186,170,160
200512,0,3122,874,513,2780,610,418,372,329,2185,595,342,268,219,199,188,184,169,160
200601,0,3092,870,510,2751,608,417,369,327,2156,595,341,267,219,198,186,183,168,159
200602,0,3065,865,508,2726,605,413,367,327,2134,592,339,266,217,196,186,181,168,159
200603,0,3046,858,507,2708,604,408,364,327,2119,589,338,266,216,192,184,180,168,159
200604,0,3025,855,502,2688,602,406,362,324,2101,587,337,265,215,191,184,178,167,157
200605,0,3000,853,499,2666,598,405,360,323,2082,584,334,264,214,191,184,176,167,156
200606,0,2982,849,496,2649,597,403,356,322,2070,579,333,264,213,190,182,174,166,156
200607,0,3194,905,520,2875,595,448,370,331,2290,585,319,276,251,197,181,189,170,161
200608,0,3174,905,517,2857,593,448,368,330,2276,581,317,276,251,197,181,187,169,161
200609,0,3155,903,517,2838,593,446,368,330,2258,580,317,276,249,197,181,187,169,161
200610,0,3130,898,516,2816,588,444,367,329,2239,577,314,274,248,196,180,187,169,160
200611,0,3105,893,511,2794,583,441,365,326,2218,576,311,272,247,194,180,185,167,159
200612,0,3077,888,508,2767,580,438,365,323,2193,574,310,270,245,193,180,185,164,159
200701,0,3041,880,507,2736,573,433,364,322,2170,566,305,268,241,192,179,185,164,158
200702,0,3018,873,507,2715,567,432,362,322,2152,563,303,264,240,192,177,185,164,158
200703,0,2996,872,503,2695,564,432,360,320,2135,560,301,263,240,192,177,183,163,157
200704,0,2960,866,502,2660,561,428,359,320,2103,557,300,261,238,190,177,182,163,157
200705,0,2938,860,501,2641,556,424,359,319,2088,553,297,259,236,188,177,182,162,157
200706,0,2909,854,500,2617,548,421,358,319,2070,547,292,256,234,187,177,181,162,157
200707,0,3174,869,504,2824,623,418,359,323,2258,566,350,273,234,184,178,181,164,159
200708,0,3142,860,503,2795,618,412,357,323,2237,558,347,271,230,182,177,180,164,159
200709,0,3120,855,500,2775,614,409,356,321,2222,553,345,269,228,181,177,179,163,158
200710,0,3092,847,494,2752,607,405,351,318,2203,549,340,267,226,179,175,176,161,157
200711,0,3062,835,493,2725,603,399,346,317,2179,546,337,266,222,177,170,176,161,156
200712,0,3033,828,492,2697,601,395,343,317,2160,537,336,265,220,175,168,175,161,156
200801,0,3015,823,491,2679,599,392,343,316,2144,535,336,263,218,174,168,175,160,156
200802,0,2992,817,491,2656,596,389,343,316,2125,531,336,260,215,174,168,175,160,156
200803,0,2961,816,490,2628,593,388,342,316,2098,530,333,260,215,173,168,174,160,156
200804,0,2931,814,488,2601,589,387,340,316,2072,529,330,259,214,173,168,172,160,156
200805,0,2895,811,488,2568,585,385,340,316,2041,527,327,258,213,172,168,172,160,156
200806,0,2876,810,486,2549,585,384,340,314,2023,526,327,258,212,172,168,172,158,156
200807,0,2996,899,495,2638,658,427,347,320,2058,580,358,300,226,201,172,175,164,156
200808,0,2971,894,493,2615,653,425,347,318,2037,578,356,297,225,200,172,175,162,156
200809,0,2943,890,490,2587,653,423,343,317,2010,577,356,297,225,198,170,173,161,156
200810,0,2910,885,489,2558,648,420,342,316,1984,574,352,296,222,198,169,173,160,156
200811,0,2877,882,486,2526,646,419,339,315,1958,568,351,295,221,198,168,171,160,155
200812,0,2851,877,484,2500,644,416,337,315,1934,566,351,293,219,197,168,169,160,155
200901,0,2826,873,480,2475,642,415,335,312,1910,565,351,291,219,196,167,168,159,153
200902,0,2798,870,480,2448,639,415,334,312,1884,564,350,289,219,196,166,168,159,153
200903,0,2763,868,479,2414,637,414,334,311,1854,560,349,288,218,196,166,168,159,152
200904,0,2727,868,478,2380,635,414,334,310,1823,557,347,288,218,196,166,168,158,152
200905,0,2700,868,478,2353,635,414,334,310,1799,554,347,288,218,196,166,168,158,152
200906,0,2666,867,477,2319,634,414,333,310,1769,550,347,287,218,196,166,167,158,152
200907,0,2684,882,493,2285,680,431,342,321,1727,558,399,281,232,199,170,172,164,157
200908,0,2660,880,493,2263,678,429,342,321,1705,558,397,281,230,199,170,172,164,157
200909,0,2642,877,493,2246,675,428,342,321,1688,558,396,279,229,199,170,172,164,157
200910,0,2621,871,491,2225,673,425,340,320,1671,554,396,277,227,198,169,171,164,156
200911,0,2590,867,489,2194,671,423,340,318,1645,549,396,275,226,197,169,171,164,154
200912,0,2563,865,488,2169,668,422,339,318,1621,548,394,274,226,196,169,170,164,154
201001,0,2541,860,487,2148,666,419,338,317,1603,545,393,273,224,195,168,170,163,154
201002,0,2516,859,485,2125,664,419,336,316,1581,544,391,273,224,195,167,169,163,153
201003,0,2496,855,483,2105,663,416,335,315,1561,544,391,272,223,193,167,168,162,153
201004,0,2473,853,482,2084,661,415,333,315,1545,539,389,272,223,192,166,167,162,153
201005,0,2458,850,482,2070,659,413,333,315,1531,539,388,271,221,192,166,167,162,153
201006,0,2447,848,480,2061,657,411,332,314,1522,539,386,271,220,191,166,166,162,152
201007,0,2533,876,506,2186,635,420,356,318,1673,513,347,288,212,208,168,188,163,155
201008,0,2523,870,505,2177,628,420,356,317,1667,510,346,282,212,208,168,188,162,155
201009,0,2504,870,504,2160,626,420,355,317,1654,506,344,282,212,208,168,187,162,155
201010,0,2484,862,504,2140,624,418,351,317,1640,500,344,280,212,206,164,187,162,155
201011,0,2461,857,503,2119,621,414,350,317,1622,497,342,279,210,204,164,186,162,155
201012,0,2425,853,503,2084,617,413,350,317,1591,493,341,276,209,204,164,186,162,155
201101,0,2405,850,503,2066,615,410,350,317,1574,492,339,276,208,202,164,186,162,155
201102,0,2388,847,503,2049,614,409,349,317,1561,488,339,275,208,201,163,186,162,155
201103,0,2368,843,502,2029,613,407,347,317,1545,484,339,274,208,199,162,185,162,155
201104,0,2338,841,500,2000,612,405,347,315,1521,479,338,274,207,198,162,185,160,155
201105,0,2321,835,500,1986,607,402,346,315,1511,475,335,272,205,197,161,185,160,155
201106,0,2292,827,498,1961,600,399,342,315,1489,472,331,269,205,194,159,183,160,155
201107,0,2412,844,504,2060,613,402,359,326,1618,442,352,261,222,180,181,178,172,154
201108,0,2402,843,503,2052,610,402,358,326,1612,440,350,260,222,180,181,177,172,154
201109,0,2391,840,500,2042,609,400,354,326,1604,438,349,260,220,180,180,174,172,154
201110,0,2374,837,499,2027,605,399,353,326,1592,435,347,258,220,179,180,173,172,154
201111,0,2349,833,499,2002,604,399,350,326,1569,433,347,257,220,179,177,173,172,154
201112,0,2327,829,499,1982,602,397,348,326,1552,430,345,257,220,177,175,173,172,154
201201,0,2308,824,499,1965,598,395,347,326,1535,430,343,255,219,176,174,173,172,154
201202,0,2292,820,499,1950,597,391,347,326,1525,425,342,255,219,172,174,173,172,154
201203,0,2277,819,497,1935,597,390,345,326,1513,422,342,255,219,171,174,171,172,154
201204,0,2263,816,496,1921,595,390,344,325,1501,420,342,253,219,171,173,171,172,153
201205,0,2248,813,494,1908,591,389,343,324,1489,419,340,251,219,170,173,170,171,153
201206,0,2227,812,494,1888,590,388,343,324,1472,416,339,251,219,169,173,170,171,153
201207,0,2227,915,511,1920,635,399,368,331,1498,422,307,328,210,189,188,180,172,159
201208,0,2208,910,510,1902,632,398,365,331,1482,420,306,326,210,188,186,179,172,159
201209,0,2187,909,510,1882,631,397,365,331,1463,419,305,326,210,187,186,179,172,159
201210,0,2167,903,508,1863,625,397,362,331,1445,418,304,321,210,187,185,177,172,159
201211,0,2150,902,508,1847,624,396,362,331,1430,417,303,321,210,186,185,177,172,159
201212,0,2127,896,507,1827,618,394,361,330,1414,413,300,318,209,185,184,177,171,159
201301,0,2117,894,507,1818,617,393,360,330,1407,411,299,318,209,184,183,177,171,159
201302,0,2105,889,507,1807,614,390,360,330,1399,408,298,316,206,184,183,177,171,159
201303,0,2089,888,507,1792,613,389,360,330,1387,405,297,316,206,183,183,177,171,159
201304,0,2068,886,507,1775,608,388,360,330,1373,402,293,315,205,183,183,177,171,159
201305,0,2052,885,505,1759,608,387,358,330,1357,402,293,315,204,183,183,175,171,159
201306,0,2034,883,503,1744,604,386,357,329,1345,399,290,314,204,182,183,174,170,159
201307,0,2165,894,511,1851,605,415,362,337,1435,416,314,291,223,192,188,174,176,161
201308,0,2150,893,511,1837,603,415,362,337,1425,412,313,290,223,192,188,174,176,161
201309,0,2138,891,510,1825,602,415,360,337,1416,409,313,289,223,192,187,173,176,161
201310,0,2123,888,508,1814,596,414,359,336,1408,406,309,287,222,192,187,172,176,160
201311,0,2101,886,507,1794,593,413,359,335,1391,403,307,286,221,192,187,172,175,160
201312,0,2093,881,506,1787,590,411,357,335,1386,401,306,284,220,191,186,171,175,160
201401,0,2084,876,506,1779,588,408,356,335,1379,400,305,283,218,190,185,171,175,160
201402,0,2061,876,505,1759,585,408,356,334,1364,395,302,283,218,190,185,171,174,160
201403,0,2052,875,505,1751,583,408,356,334,1358,393,301,282,218,190,185,171,174,160
201404,0,2041,873,505,1741,580,408,356,334,1350,391,300,280,218,190,185,171,174,160
201405,0,2030,872,504,1732,578,408,355,333,1341,391,298,280,218,190,184,171,173,160
201406,0,2020,870,504,1722,576,408,355,333,1332,390,298,278,218,190,184,171,173,160
201407,0,2237,913,518,1845,679,420,380,344,1441,404,392,287,213,207,206,174,176,168
201408,0,2229,909,517,1837,678,418,378,344,1434,403,392,286,212,206,205,173,176,168
201409,0,2218,907,517,1827,677,418,376,344,1425,402,391,286,212,206,203,173,176,168
201410,0,2204,904,517,1813,676,416,376,344,1412,401,391,285,211,205,203,173,176,168
201411,0,2190,901,516,1799,676,415,373,344,1400,399,391,285,210,205,201,172,176,168
201412,0,2176,895,514,1787,672,412,370,344,1389,398,389,283,209,203,200,170,176,168
201501,0,2163,891,513,1776,669,411,367,344,1380,396,387,282,208,203,198,169,176,168
201502,0,2149,884,513,1763,665,409,365,344,1370,393,386,279,207,202,196,169,176,168
201503,0,2133,882,511,1747,664,409,363,343,1359,388,386,278,207,202,195,168,176,167
201504,0,2120,880,510,1734,664,407,362,343,1348,386,386,278,207,200,195,167,176,167
201505,0,2111,877,509,1725,663,406,360,343,1342,383,386,277,207,199,194,166,176,167
201506,0,2098,873,509,1712,662,404,359,343,1332,380,386,276,207,197,193,166,176,167
201507,0,2201,964,535,1816,687,440,405,352,1352,464,385,302,233,207,222,183,180,172
201508,0,2192,959,533,1810,684,437,402,351,1347,463,382,302,230,207,220,182,179,172
201509,0,2176,958,532,1794,683,437,402,350,1332,462,382,301,230,207,220,182,178,172
201510,0,2152,951,531,1773,678,432,401,350,1313,460,379,299,226,206,220,181,178,172
201511,0,2140,949,530,1764,675,432,399,349,1306,458,376,299,226,206,218,181,177,172
201512,0,2121,944,529,1746,672,430,398,348,1289,457,375,297,225,205,217,181,176,172
201601,0,2098,940,527,1723,669,429,397,347,1271,452,375,294,225,204,217,180,175,172
201602,0,2078,937,525,1708,664,427,396,345,1259,449,370,294,225,202,216,180,175,170
201603,0,2065,934,523,1695,664,425,394,344,1248,447,370,294,225,200,215,179,174,170
201604,0,2055,929,520,1686,661,423,390,344,1241,445,369,292,224,199,214,176,174,170
201605,0,2030,926,516,1663,657,423,387,342,1223,440,367,290,224,199,213,174,173,169
201606,0,2018,923,516,1652,656,422,385,342,1214,438,366,290,224,198,211,174,173,169
201607,0,2141,928,523,1775,636,452,385,344,1339,436,366,270,245,207,206,179,174,170
201608,0,2123,920,523,1760,631,446,385,344,1326,434,363,268,243,203,206,179,174,170
201609,0,2105,912,519,1747,623,443,382,341,1315,432,358,265,241,202,204,178,173,168
201610,0,2089,910,517,1731,623,442,379,341,1303,428,358,265,240,202,203,176,173,168
201611,0,2074,904,517,1720,618,438,378,341,1293,427,354,264,237,201,202,176,173,168
201612,0,2057,899,516,1705,616,435,376,340,1280,425,352,264,236,199,200,176,172,168
201701,0,2051,894,515,1699,614,433,375,339,1277,422,352,262,235,198,199,176,171,168
201702,0,2038,888,514,1690,607,430,375,338,1270,420,348,259,234,196,199,176,171,167
201703,0,2028,881,513,1680,603,428,374,337,1261,419,348,255,232,196,198,176,170,167
201704,0,2012,875,512,1669,596,425,372,337,1252,417,343,253,229,196,197,175,170,167
201705,0,1996,872,512,1656,591,424,372,337,1244,412,340,251,229,195,197,175,170,167
201706,0,1980,868,509,1641,590,420,371,335,1231,410,339,251,227,193,197,174,169,166
201707,0,2101,917,532,1766,606,450,387,341,1301,465,335,271,236,214,196,191,170,171
201708,0,2088,915,531,1754,603,450,387,340,1290,464,334,269,236,214,196,191,169,171
201709,0,2071,911,528,1739,601,447,385,338,1277,462,332,269,235,212,195,190,169,169
201710,0,2051,903,528,1720,600,442,382,338,1265,455,331,269,231,211,192,190,169,169
201711,0,2030,899,527,1701,598,441,379,337,1248,453,329,269,230,211,189,190,168,169
201712,0,2010,895,526,1682,593,441,379,336,1233,449,328,265,230,211,189,190,167,169
201801,0,2002,891,526,1675,589,440,379,336,1230,445,327,262,230,210,189,190,167,169
201802,0,1986,887,526,1661,586,437,379,336,1224,437,325,261,228,209,189,190,167,169
201803,0,1978,880,526,1655,584,434,375,336,1218,437,323,261,227,207,185,190,167,169
201804,0,1960,876,526,1641,579,433,373,336,1207,434,319,260,227,206,183,190,167,169
201805,0,1952,874,526,1635,577,432,372,336,1202,433,317,260,226,206,182,190,167,169
201806,0,1941,871,524,1627,574,431,370,334,1197,430,314,260,225,206,180,190,167,167
